5/28/2016	12	20	22	29	30	32	
5/25/2016	4	9	14	37	41	42	
5/25/2016	6	9	16	23	36	45	
5/21/2016	5	10	16	18	19	35	
5/21/2016	9	11	12	17	22	41	
5/18/2016	3	4	11	18	20	25	
5/18/2016	1	16	19	20	24	31	
5/14/2016	2	5	12	19	40	44	
5/14/2016	4	12	20	21	22	35	
5/11/2016	19	32	33	38	44	45	
5/11/2016	18	25	32	33	35	36	
5/7/2016	2	7	21	23	30	34	
5/7/2016	2	6	7	9	36	45	
5/4/2016	1	10	15	26	37	46	
5/4/2016	12	30	32	34	39	41	
4/30/2016	13	24	26	30	42	43	
4/30/2016	5	12	13	22	38	43	
4/27/2016	10	15	20	33	36	40	
4/27/2016	5	10	11	21	40	44	
4/23/2016	1	12	19	21	23	37	
4/20/2016	3	4	10	22	29	42	
4/16/2016	1	5	22	28	30	31	
4/13/2016	3	4	7	12	34	36	
4/9/2016	10	12	13	22	31	32	
4/6/2016	2	6	12	24	28	30	
4/2/2016	22	25	29	38	46	48	
3/30/2016	3	9	19	32	33	44	
3/26/2016	11	18	32	37	42	44	
3/23/2016	11	15	20	21	23	32	
3/19/2016	4	6	11	19	30	31	
3/16/2016	9	11	26	29	35	36	
3/12/2016	10	16	18	26	39	42	
3/9/2016	3	17	23	28	31	37	
3/5/2016	3	5	7	14	15	25	
3/2/2016	1	4	14	23	42	47	
2/27/2016	3	6	19	21	41	46	
2/24/2016	8	14	19	25	38	45	
2/20/2016	3	6	21	30	33	38	
2/17/2016	6	16	27	37	42	46	
2/13/2016	1	7	14	25	26	41	
2/10/2016	2	9	11	29	41	48	
2/6/2016	6	12	19	21	24	32	
2/3/2016	15	18	21	24	33	48
1/30/2016	1	7	25	28	37	44
1/27/2016	4	11	12	13	24	40
1/23/2016	6	18	21	24	28	43
1/20/2016	5	12	27	28	35	44
1/16/2016	12	13	14	25	29	37
1/13/2016	10	11	15	28	37	44
1/9/2016	19	22	23	29	34	48
1/6/2016	12	23	29	30	42	43
1/2/2016	7	11	17	29	36	47
12/30/2015	3	8	11	28	41	46
12/26/2015	6	10	15	20	36	42
12/23/2015	1	5	13	22	28	40
12/19/2015	11	14	17	33	35	41
12/16/2015	13	28	31	35	38	43
12/12/2015	5	6	14	21	42	43
12/9/2015	5	18	20	23	37	47
12/5/2015	4	11	13	15	16	18
12/2/2015	7	8	9	34	46	47
11/28/2015	10	23	24	30	34	45
11/25/2015	12	20	23	26	28	32
11/21/2015	7	13	29	32	38	40
11/18/15	3  8  11  26  35  38
11/14/15	1  3  14  30  34  41
11/11/15	3  8  11  22  38  47
11/7/15		2  3  22  25  39  46
11/4/15		5  11  16  26  37  47
10/31/15	8  9  36  38  41  47
10/28/15	2  5  7  15  22  30
10/24/15	1  8  17  21  23  34
10/21/2015	5	18	22	28	31	40
10/17/2015	10	12	29	30	31	39
10/14/2015	5	12	16	22	46	48
10/10/2015	18	20	32	33	44	47
10/7/2015	7	24	26	32	34	47
10/3/2015	12	17	22	36	37	45
9/30/2015	5	12	18	22	24	25
9/26/2015	2	4	7	8	19	43
9/23/2015	2	7	10	20	31	35
9/19/2015	3	16	17	26	34	48
9/16/2015	7	15	28	38	40	42
09/12/15	2  12  23  28  31  48
09/9/15	5  6  10  41  43  45
9/5/2015	8	10	13	21	22	45
9/2/2015	3	7	8	30	33	39
08/29/15	6  7  14  17  26  34
8/26/2015	1	23	26	34	41	44
8/22/2015	9	12	20	22	29	44
8/19/2015	8	14	27	37	45	48
8/15/2015	7	11	16	27	32	42
8/12/2015	2	11	32	33	35	42
8/8/2015	3	23	24	38	47	48
8/5/2015	14	15	17	28	34	43
8/1/2015	15	24	29	30	31	33
7/29/2015	3	7	20	39	40	48
7/25/2015	16	29	30	33	34	43
7/22/2015	15	17	22	43	44	48
7/18/2015	5	8	28	29	34	41
7/15/2015	3	5	7	14	18	41
7/11/2015	5	7	15	35	39	42
7/8/2015	4	22	29	40	47	48
7/4/2015	3	20	26	38	42	45
7/1/2015	1	2	7	26	34	44
6/27/2015	13	15	21	25	41	47
6/24/2015	11	13	16	18	37	42
6/20/2015	5	6	17	20	29	37
6/17/2015	24	37	38	42	44	45
6/13/2015	1	18	22	30	34	42
6/10/2015	8	14	17	19	27	40
6/6/2015	10	12	17	21	32	43
6/3/2015	10	25	28	33	34	40
5/30/2015	11	19	28	34	40	46
5/27/2015	3	5	6	37	41	48
5/23/2015	6	19	22	36	45	48
5/20/2015	5	14	17	19	29	44
5/16/2015	13	21	25	30	37	40
5/13/2015	8	20	35	41	42	48
5/9/2015	7	13	22	26	30	42
5/6/2015	14	24	30	38	47	48
5/2/2015	7	9	23	25	30	41
4/29/2015	12	15	26	33	34	45
4/25/2015	13	17	25	29	35	45
4/22/2015	8	13	19	27	29	48
4/18/2015	11	16	20	33	41	48
4/15/2015	3	5	9	18	32	37
4/11/2015	17	25	27	29	32	40
4/8/2015	6	15	25	26	42	44
4/4/2015	6	12	21	22	24	39
4/1/2015	7	8	32	33	34	40
3/28/2015	9	11	13	15	16	31
3/25/2015	4	7	11	24	26	34
3/21/2015	2	3	34	40	41	48
3/18/2015	14	16	19	26	28	42
3/14/2015	5	7	22	33	37	40
3/11/2015	2	7	15	18	33	39
3/7/2015	4	11	16	34	38	43
3/4/2015	7	15	36	41	46	47
2/28/2015	1	22	23	38	40	48
2/25/2015	3	11	19	22	31	39
2/21/2015	5	12	16	21	28	39
2/18/2015	1	12	29	39	46	47
2/14/2015	4	5	6	17	21	40
2/11/2015	2	6	11	23	30	48
2/7/2015	10	11	22	37	40	44
2/4/2015	1	7	11	12	24	41
1/31/2015	1	9	14	43	46	47
1/28/2015	1	19	20	26	31	32
1/24/2015	4	12	14	16	19	28
1/21/2015	21	22	29	35	36	41
1/17/2015	4	18	23	32	46	48
1/14/2015	3	6	18	26	30	31
1/10/2015	13	24	29	32	33	44
1/7/2015	25	36	39	41	45	48
1/3/2015	12	21	30	44	45	48
12/31/2014	5	24	30	34	40	45
12/27/2014	4	22	26	27	31	48
12/24/2014	8	12	13	18	19	25
12/20/2014	21	23	32	33	43	44
12/17/2014	7	9	16	17	24	44
12/13/2014	6	7	15	28	37	39
12/10/2014	5	13	16	28	32	39
12/6/2014	8	14	16	30	34	42
12/3/2014	9	21	23	30	33	47
11/29/2014	8	26	32	34	35	36
11/26/2014	2	8	13	23	36	43
11/22/2014	4	15	16	28	31	46
11/19/2014	12	16	18	30	31	41
11/15/2014	1	7	14	19	24	36
11/12/2014	1	9	24	30	37	39
11/8/2014	8	10	14	33	36	38
11/5/2014	13	16	27	31	36	41
11/1/2014	12	21	27	35	41	45
10/29/2014	15	22	24	27	30	43
10/25/2014	1	6	27	38	41	48
10/22/2014	8	9	11	35	42	44
10/18/2014	8	19	20	34	42	45
10/15/2014	13	17	18	32	39	44
10/11/2014	12	16	23	33	34	37
10/8/2014	18	23	34	42	44	46
10/4/2014	7	16	22	31	47	48
10/1/2014	5	6	16	17	24	40
9/27/2014	13	17	19	22	27	41
9/24/2014	6	14	19	22	42	46
9/20/2014	3	25	29	32	37	42
9/17/2014	4	7	20	23	40	42
9/13/2014	4	5	10	13	14	41
9/10/2014	4	15	19	26	37	47
9/6/2014	8	16	34	37	38	47
9/3/2014	14	22	31	35	45	47
8/30/2014	1	14	19	21	24	29
8/27/2014	8	11	12	28	30	46
8/23/2014	1	2	13	19	33	48
8/20/2014	3	28	35	38	39	44
8/16/2014	7	16	21	28	33	35
8/13/2014	6	9	20	21	22	38
8/9/2014	2	3	30	38	43	48
8/6/2014	7	18	22	26	41	44
8/2/2014	9	11	27	36	40	41
7/30/2014	7	10	12	13	19	30
7/26/2014	9	10	15	17	43	44
7/23/2014	4	13	28	36	37	42
7/19/2014	2	8	12	15	17	19
7/16/2014	1	5	10	18	27	44
7/12/2014	12	17	22	42	45	48
7/9/2014	5	15	22	42	43	46
7/5/2014	22	25	27	31	36	38
7/2/2014	1	4	7	10	25	48
6/28/2014	6	8	13	19	28	33
6/25/2014	3	9	16	24	33	39
6/21/2014	3	7	19	24	40	41
6/18/2014	14	30	37	44	46	47
6/14/2014	2	5	7	11	27	43
6/11/2014	7	16	19	27	29	31
6/7/2014	2	4	15	27	34	46
6/4/2014	5	10	13	14	22	27
5/31/2014	7	12	16	32	34	35
5/28/2014	18	22	26	30	32	40
5/24/2014	16	20	25	31	34	40
5/21/2014	7	13	17	37	40	44
5/17/2014	9	10	14	26	41	42
5/14/2014	4	14	17	24	33	44
5/10/2014	9	16	34	37	45	46
5/7/2014	5	6	14	17	42	45
5/3/2014	7	13	17	27	28	38
4/30/2014	12	21	24	26	31	33
4/26/2014	16	20	23	29	30	38
4/23/2014	4	7	10	11	42	44
4/19/2014	7	10	28	31	32	36
4/16/2014	4	9	16	19	33	45
4/12/2014	17	18	34	41	42	46
4/9/2014	10	12	23	29	41	44
4/5/2014	20	26	31	40	42	44
4/2/2014	13	14	23	25	31	35
3/29/2014	18	22	32	42	46	47
3/26/2014	1	5	6	16	31	46
3/22/2014	19	22	23	30	34	35
3/19/2014	1	4	17	19	21	36
3/15/2014	7	19	32	34	37	41
3/12/2014	3	12	20	25	26	41
3/8/2014	3	14	28	34	37	41
3/5/2014	7	14	16	44	46	48
3/1/2014	20	25	28	31	41	45
2/26/2014	6	13	14	26	32	40
2/22/2014	3	9	12	20	27	37
2/19/2014	10	27	37	38	40	48
2/15/2014	1	6	13	24	45	48
2/12/2014	1	4	29	32	35	47
2/8/2014	5	9	14	23	33	48
2/5/2014	7	26	27	35	45	47
2/1/2014	2	15	21	33	40	47
1/29/2014	1	3	6	8	11	22
1/25/2014	4	5	15	22	29	37
1/22/2014	4	21	22	23	26	31
1/18/2014	15	21	22	28	33	36
1/15/2014	1	10	14	23	33	36
1/11/2014	10	25	27	33	35	36
1/8/2014	5	18	19	34	43	48
1/4/2014	6	8	21	38	41	43
1/1/2014	6	15	17	32	39	40
12/28/2013	6	7	8	14	21	43
12/25/2013	6	10	14	27	34	41
12/21/2013	7	8	16	18	30	34
12/18/2013	5	7	8	10	13	29
12/14/2013	10	11	16	25	27	35
12/11/2013	11	25	30	31	43	46
12/7/2013	20	21	25	37	44	45
12/4/2013	5	18	22	27	33	35
11/30/2013	9	20	22	23	45	46
11/27/2013	3	13	14	23	35	37
11/23/2013	8	10	12	28	31	46
11/20/2013	11	14	15	19	38	43
11/16/2013	8	14	16	24	39	41
11/13/2013	4	31	37	40	44	45
11/9/2013	1	12	17	20	41	48
11/6/2013	1	2	4	5	24	45
11/2/2013	6	7	18	36	45	48
10/30/2013	3	7	15	16	41	43
10/26/2013	13	22	28	32	33	36
10/23/2013	13	20	27	37	39	45
10/19/2013	2	10	21	30	45	46
10/16/2013	3	21	24	25	30	41
10/12/2013	 1	 8	 15	 24	 26	 40
10/9/2013	 8	 13	 26	 27	 32	 36
10/5/2013	 2	 9	 11	 15	 22	 40
10/2/2013	 4	 8	 14	 24	 25	 35
9/28/2013	 6	 15	 28	 33	 41	 47
9/25/2013	 1	 4	 15	 21	 23	 33
9/21/2013	 2	 7	 20	 25	 31	 38
9/18/2013	 6	 12	 15	 34	 47	 48
9/14/2013	 1	 14	 15	 27	 35	 41
9/11/2013	 23	 33	 36	 37	 43	 45
9/7/2013	 4	 33	 34	 35	 36	 48
9/4/2013	 3	 6	 9	 13	 29	 30
8/31/2013	 5	 6	 10	 13	 19	 31
8/28/2013	 2	 8	 31	 32	 37	 45
8/24/2013	 1	 9	 12	 18	 35	 44
8/21/2013	 1	 13	 22	 24	 27	 39
8/17/2013	 7	 14	 18	 28	 36	 48
8/14/2013	 8	 10	 11	 31	 40	 47
8/10/2013	 4	 9	 12	 22	 27	 33
8/7/2013	 13	 18	 25	 28	 36	 45
8/3/2013	 16	 20	 29	 35	 38	 48
7/31/2013	 10	 17	 22	 35	 38	 42
7/27/2013	 6	 10	 15	 19	 20	 22
7/24/2013	 2	 9	 18	 28	 34	 48
7/20/2013	 3	 17	 18	 19	 20	 42
7/17/2013	 11	 15	 24	 30	 41	 44
7/13/2013	 3	 7	 19	 23	 40	 43
7/10/2013	 8	 17	 19	 24	 32	 43
7/6/2013	 3	 11	 16	 17	 36	 39
7/3/2013	 6	 13	 24	 25	 41	 44
6/29/2013	 3	 4	 13	 24	 28	 40
6/26/2013	 4	 13	 28	 36	 45	 47
6/22/2013	 4	 5	 7	 14	 24	 31
6/19/2013	 17	 19	 20	 30	 32	 40
6/15/2013	 1	 2	 14	 17	 29	 37
6/12/2013	 9	 22	 32	 38	 40	 44
6/8/2013	 9	 14	 27	 32	 40	 48
6/5/2013	 8	 22	 25	 27	 32	 41
6/1/2013	 7	 9	 15	 24	 36	 46
5/29/2013	 1	 5	 7	 13	 16	 23
5/25/2013	 2	 11	 33	 39	 43	 48
5/22/2013	 10	 19	 22	 25	 28	 34
5/18/2013	 2	 10	 15	 22	 24	 37
5/15/2013	 6	 16	 32	 40	 41	 48
5/11/2013	 25	 29	 37	 44	 45	 48
5/8/2013	 18	 19	 31	 34	 36	 46
5/4/2013	 2	 7	 17	 20	 39	 45
5/1/2013	 3	 13	 15	 18	 27	 47
4/27/2013	 7	 13	 23	 41	 43	 45
4/24/2013	 7	 8	 39	 40	 44	 46
4/20/2013	 1	 6	 23	 39	 44	 45
4/17/2013	 4	 9	 24	 30	 37	 48
4/13/2013	 18	 22	 31	 32	 42	 46
4/10/2013	 10	 13	 14	 15	 17	 41
4/6/2013	 1	 3	 16	 28	 36	 46
4/3/2013	 6	 18	 21	 34	 41	 46
3/30/2013	 2	 15	 20	 24	 25	 27
3/27/2013	 2	 11	 13	 14	 35	 42
3/23/2013	 6	 11	 16	 27	 38	 46
3/20/2013	 13	 18	 23	 26	 29	 34
3/16/2013	 7	 12	 16	 21	 30	 48
3/13/2013	 2	 10	 12	 21	 28	 37
3/9/2013	 2	 9	 15	 25	 32	 41
3/6/2013	 4	 7	 14	 22	 41	 42
3/2/2013	 7	 22	 35	 40	 41	 43
2/27/2013	 1	 4	 8	 32	 42	 46
2/23/2013	 19	 21	 23	 27	 31	 41
2/20/2013	 2	 5	 10	 31	 43	 44
2/16/2013	 5	 8	 17	 21	 23	 33
2/13/2013	 1	 6	 16	 26	 41	 48
2/9/2013	 1	 3	 11	 21	 41	 45
2/6/2013	 12	 19	 20	 23	 33	 43
2/2/2013	 17	 20	 22	 32	 35	 36
1/30/2013	 6	 9	 26	 31	 44	 48
1/26/2013	 3	 4	 10	 20	 28	 30
1/23/2013	 5	 12	 17	 36	 40	 41
1/19/2013	 5	 6	 7	 32	 45	 47
1/16/2013	 2	 3	 9	 13	 20	 24
1/12/2013	 7	 8	 20	 21	 27	 28
1/9/2013	 1	 26	 37	 40	 44	 45
1/5/2013	 4	 11	 19	 20	 27	 37
1/2/2013	 21	 24	 29	 34	 41	 45
12/29/2012	 4	 10	 11	 16	 38	 40
12/26/2012	 3	 7	 27	 36	 43	 47
12/22/2012	 24	 30	 31	 33	 42	 45
12/19/2012	 2	 4	 8	 32	 37	 47
12/15/2012	 1	 8	 9	 11	 30	 40
12/12/2012	 7	 8	 9	 24	 32	 34
12/8/2012	 1	 3	 6	 9	 29	 45
12/5/2012	 3	 14	 23	 34	 39	 41
12/1/2012	 3	 7	 11	 22	 33	 37
11/28/2012	 2	 3	 10	 13	 17	 46
11/24/2012	 11	 17	 19	 26	 37	 45
11/21/2012	 6	 14	 16	 35	 44	 47
11/17/2012	 10	 14	 16	 20	 24	 26
11/14/2012	 16	 18	 21	 29	 33	 34
11/10/2012	 3	 40	 42	 45	 47	 48
11/7/2012	 4	 24	 28	 39	 43	 46
11/3/2012	 32	 35	 38	 39	 40	 44
10/31/2012	 1	 8	 11	 36	 37	 38
10/27/2012	 5	 12	 23	 25	 38	 48
10/24/2012	 3	 19	 21	 31	 36	 40
10/20/2012	 5	 11	 22	 31	 40	 48
10/17/2012	 1	 16	 24	 27	 36	 37
10/13/2012	 1	 3	 5	 34	 35	 48
10/10/2012	 9	 18	 23	 44	 47	 48
10/6/2012	 16	 17	 35	 41	 44	 46
10/3/2012	 24	 28	 31	 37	 41	 44
9/29/2012	 13	 15	 21	 24	 31	 44
9/26/2012	 6	 8	 14	 33	 38	 40
9/22/2012	 4	 13	 16	 27	 42	 46
9/19/2012	 8	 32	 34	 35	 38	 46
9/15/2012	 11	 22	 26	 35	 41	 47
9/12/2012	 5	 6	 10	 13	 29	 30
9/8/2012	 12	 20	 28	 34	 39	 48
9/5/2012	 3	 5	 13	 29	 35	 46
9/1/2012	 7	 15	 16	 22	 30	 48
8/29/2012	 12	 31	 32	 42	 43	 48
8/25/2012	 5	 7	 16	 17	 18	 38
8/22/2012	 4	 6	 20	 25	 33	 34
8/18/2012	 3	 20	 25	 29	 35	 37
8/15/2012	 4	 10	 14	 24	 34	 43
8/11/2012	 10	 16	 26	 31	 37	 45
8/8/2012	 8	 38	 40	 43	 46	 48
8/4/2012	 15	 19	 31	 33	 42	 47
8/1/2012	 3	 4	 26	 33	 35	 37
7/28/2012	 5	 10	 13	 33	 40	 42
7/25/2012	 3	 13	 17	 19	 37	 38
7/21/2012	 2	 32	 33	 40	 46	 48
7/18/2012	 5	 14	 23	 29	 43	 47
7/14/2012	 11	 12	 22	 23	 33	 38
7/11/2012	 5	 11	 23	 27	 41	 42
7/7/2012	 1	 5	 14	 17	 28	 33
7/4/2012	 10	 18	 25	 30	 32	 48
6/30/2012	 5	 8	 11	 17	 28	 48
6/27/2012	 5	 12	 30	 37	 38	 40
6/23/2012	 22	 23	 27	 28	 44	 45
6/20/2012	 1	 6	 20	 37	 39	 44
6/16/2012	 20	 24	 27	 32	 33	 48
6/13/2012	 8	 13	 14	 39	 46	 47
6/9/2012	 2	 10	 23	 25	 33	 37
6/6/2012	 1	 9	 16	 18	 20	 25
6/2/2012	 7	 12	 28	 33	 43	 48
5/30/2012	 16	 24	 26	 34	 38	 41
5/26/2012	 5	 22	 24	 26	 31	 48
5/23/2012	 5	 7	 10	 24	 30	 32
5/19/2012	 17	 21	 23	 40	 43	 48
5/16/2012	 9	 10	 19	 34	 39	 42
5/12/2012	 4	 10	 21	 37	 43	 44
5/9/2012	 4	 16	 22	 27	 28	 41
5/5/2012	 4	 13	 19	 24	 34	 47
5/2/2012	 13	 16	 24	 28	 30	 46
4/28/2012	 5	 10	 17	 21	 23	 28
4/25/2012	 9	 10	 13	 16	 25	 44
4/21/2012	 1	 2	 10	 12	 26	 35
4/18/2012	 4	 8	 11	 30	 45	 47
4/14/2012	 12	 18	 20	 35	 42	 48
4/11/2012	 2	 12	 14	 16	 33	 42
4/7/2012	 4	 5	 6	 28	 33	 48
4/4/2012	 4	 5	 18	 24	 32	 43
3/31/2012	 17	 19	 25	 28	 32	 37
3/28/2012	 1	 5	 17	 25	 44	 45
3/24/2012	 20	 25	 27	 32	 39	 44
3/21/2012	 7	 8	 25	 28	 36	 37
3/17/2012	 5	 18	 21	 22	 25	 48
3/14/2012	 11	 15	 25	 32	 35	 38
3/10/2012	 5	 11	 18	 34	 35	 38
3/7/2012	 1	 8	 10	 16	 42	 47
3/3/2012	 2	 8	 14	 15	 32	 48
2/29/2012	 6	 9	 11	 20	 26	 38
2/25/2012	 1	 3	 27	 30	 38	 41
2/22/2012	 6	 15	 18	 19	 39	 44
2/18/2012	 3	 7	 18	 19	 23	 25
2/15/2012	 12	 15	 16	 33	 37	 39
2/11/2012	 1	 25	 33	 38	 42	 46
2/8/2012	 5	 14	 20	 33	 45	 46
2/4/2012	 4	 8	 11	 12	 28	 36
2/1/2012	 3	 18	 20	 24	 28	 44
1/28/2012	 1	 13	 15	 18	 32	 37
1/25/2012	 6	 9	 23	 24	 43	 44
1/21/2012	 4	 20	 25	 30	 35	 42
1/18/2012	 6	 13	 16	 19	 26	 42
1/14/2012	 17	 21	 28	 32	 35	 47
1/11/2012	 20	 22	 36	 42	 43	 45
1/7/2012	 3	 19	 24	 26	 41	 46
1/4/2012	 4	 7	 9	 22	 24	 32
12/31/2011	 19	 24	 29	 39	 42	 43
12/28/2011	 5	 7	 8	 25	 37	 45
12/24/2011	 4	 17	 33	 36	 39	 47
12/21/2011	 1	 14	 15	 18	 23	 46
12/17/2011	 3	 22	 35	 37	 39	 46
12/14/2011	 2	 19	 25	 37	 38	 48
12/10/2011	 5	 6	 11	 17	 18	 37
12/7/2011	 1	 15	 19	 25	 28	 29
12/3/2011	 5	 20	 33	 34	 35	 47
11/30/2011	 3	 10	 14	 27	 40	 45
11/26/2011	 4	 10	 11	 18	 31	 35
11/23/2011	 1	 10	 12	 18	 37	 39
11/19/2011	 6	 9	 19	 30	 39	 46
11/16/2011	 12	 15	 25	 30	 31	 39
11/12/2011	 20	 22	 24	 36	 41	 43
11/9/2011	 6	 7	 20	 25	 43	 45
11/5/2011	 4	 5	 9	 22	 34	 36
11/2/2011	 15	 22	 23	 36	 39	 44
10/29/2011	 5	 17	 19	 23	 26	 48
10/26/2011	 2	 11	 18	 40	 41	 46
10/22/2011	 2	 22	 24	 30	 34	 38
10/19/2011	 3	 10	 17	 36	 41	 42
10/15/2011	 6	 20	 27	 35	 38	 40
10/12/2011	 3	 25	 26	 38	 39	 43
10/8/2011	 12	 19	 20	 33	 43	 47
10/5/2011	 2	 30	 31	 32	 33	 47
10/1/2011	 12	 16	 17	 27	 42	 48
9/28/2011	 8	 19	 23	 30	 32	 46
9/24/2011	 8	 10	 13	 30	 43	 47
9/21/2011	 8	 11	 27	 33	 42	 45
9/17/2011	 9	 10	 18	 23	 27	 30
9/14/2011	 7	 10	 13	 30	 31	 34
9/10/2011	 3	 10	 13	 36	 41	 42
9/7/2011	 6	 26	 31	 36	 43	 46
9/3/2011	 2	 6	 7	 26	 37	 38
8/31/2011	 9	 12	 26	 32	 33	 46
8/27/2011	 15	 17	 33	 34	 35	 43
8/24/2011	 3	 22	 29	 38	 42	 47
8/20/2011	 15	 23	 26	 38	 39	 47
8/17/2011	 4	 8	 14	 18	 27	 48
8/13/2011	 8	 24	 31	 35	 37	 40
8/10/2011	 2	 24	 30	 34	 35	 46
8/6/2011	 8	 22	 36	 39	 43	 47
8/3/2011	 12	 17	 24	 29	 35	 37
7/30/2011	 3	 19	 24	 38	 45	 47
7/27/2011	 5	 22	 33	 41	 42	 44
7/23/2011	 2	 8	 16	 17	 37	 46
7/20/2011	 1	 3	 22	 26	 31	 43
7/16/2011	 6	 14	 19	 30	 44	 46
7/13/2011	 5	 17	 19	 20	 39	 40
7/9/2011	 10	 18	 27	 38	 41	 42
7/6/2011	 3	 10	 20	 36	 43	 44
7/2/2011	 7	 8	 17	 18	 23	 27
6/29/2011	 10	 16	 18	 28	 42	 47
6/25/2011	 14	 16	 26	 30	 36	 39
6/22/2011	 7	 24	 29	 30	 42	 44
6/18/2011	 1	 9	 11	 22	 23	 38
6/15/2011	 3	 19	 26	 27	 31	 32
6/11/2011	 20	 22	 31	 35	 41	 44
6/8/2011	 13	 19	 25	 31	 42	 45
6/4/2011	 4	 8	 9	 13	 14	 18
6/1/2011	 4	 12	 16	 19	 37	 45
5/28/2011	 15	 22	 24	 29	 37	 48
5/25/2011	 5	 8	 14	 26	 29	 31
5/21/2011	 12	 16	 22	 40	 44	 48
5/18/2011	 19	 20	 26	 30	 42	 47
5/14/2011	 7	 22	 41	 43	 45	 48
5/11/2011	 1	 3	 12	 31	 33	 48
5/7/2011	 3	 18	 26	 32	 33	 38
5/4/2011	 7	 11	 16	 41	 45	 48
4/30/2011	 4	 10	 14	 36	 44	 48
4/27/2011	 9	 16	 21	 33	 38	 41
4/23/2011	 1	 2	 7	 9	 32	 43
4/20/2011	 3	 19	 26	 45	 46	 48
4/16/2011	 1	 4	 26	 33	 39	 44
4/13/2011	 2	 7	 8	 9	 30	 39
4/9/2011	 11	 13	 28	 34	 42	 43
4/6/2011	 9	 20	 25	 27	 36	 47
4/2/2011	 5	 16	 25	 30	 33	 47
3/30/2011	 4	 5	 18	 24	 39	 46
3/26/2011	 13	 19	 25	 33	 35	 47
3/23/2011	 1	 13	 15	 43	 46	 48
3/19/2011	 1	 4	 13	 22	 31	 32
3/16/2011	 1	 3	 4	 19	 29	 48
3/12/2011	 2	 17	 20	 32	 33	 35
3/9/2011	 10	 16	 26	 32	 33	 37
3/5/2011	 3	 18	 20	 26	 27	 48
3/2/2011	 1	 8	 19	 23	 29	 33
2/26/2011	 1	 12	 17	 35	 37	 43
2/23/2011	 4	 23	 29	 39	 44	 46
2/19/2011	 2	 4	 25	 26	 32	 46
2/16/2011	 3	 4	 20	 35	 44	 45
2/12/2011	 14	 25	 34	 35	 36	 43
2/9/2011	 10	 14	 18	 30	 37	 44
2/5/2011	 14	 20	 23	 41	 44	 47
2/2/2011	 2	 5	 10	 16	 20	 48
1/29/2011	 6	 18	 22	 30	 36	 39
1/26/2011	 1	 3	 9	 13	 32	 46
1/22/2011	 2	 12	 28	 29	 33	 44
1/19/2011	 6	 7	 15	 16	 21	 43
1/15/2011	 11	 17	 25	 29	 34	 46
1/12/2011	 6	 9	 14	 18	 27	 41
1/8/2011	 2	 10	 11	 15	 20	 34
1/5/2011	 1	 5	 18	 22	 30	 34
1/1/2011	 3	 14	 17	 27	 32	 46
12/29/2010	 1	 5	 13	 18	 35	 43
12/25/2010	 5	 10	 24	 25	 29	 47
12/22/2010	 1	 7	 8	 31	 44	 48
12/18/2010	 14	 22	 30	 38	 44	 48
12/15/2010	 8	 20	 33	 37	 42	 48
12/11/2010	 5	 15	 25	 39	 40	 47
12/8/2010	 6	 28	 35	 36	 39	 42
12/4/2010	 3	 13	 16	 19	 24	 39
12/1/2010	 18	 21	 29	 30	 41	 46
11/27/2010	 1	 23	 31	 33	 36	 43
11/24/2010	 5	 13	 18	 26	 30	 33
11/20/2010	 1	 4	 38	 41	 43	 48
11/17/2010	 8	 11	 24	 25	 37	 43
11/13/2010	 1	 12	 22	 25	 26	 34
11/10/2010	 8	 14	 20	 34	 36	 45
11/6/2010	 4	 5	 12	 24	 32	 35
11/3/2010	 5	 20	 22	 26	 27	 37
10/30/2010	 7	 24	 25	 38	 43	 46
10/27/2010	 2	 14	 29	 38	 46	 48
10/23/2010	 12	 13	 14	 21	 24	 45
10/20/2010	 10	 14	 22	 30	 39	 45
10/16/2010	 5	 10	 13	 31	 37	 42
10/13/2010	 5	 11	 13	 25	 40	 41
10/9/2010	 7	 9	 11	 15	 27	 46
10/6/2010	 15	 21	 27	 42	 45	 48
10/2/2010	 7	 18	 31	 36	 45	 46
9/29/2010	 10	 14	 25	 38	 40	 46
9/25/2010	 8	 10	 12	 14	 19	 30
9/22/2010	 5	 8	 29	 41	 44	 45
9/18/2010	 8	 9	 11	 14	 29	 35
9/15/2010	 7	 15	 18	 25	 26	 45
9/11/2010	 3	 7	 8	 27	 37	 46
9/8/2010	 1	 5	 12	 19	 41	 46
9/4/2010	 1	 6	 9	 11	 20	 22
9/1/2010	 2	 8	 11	 21	 38	 40
8/28/2010	 7	 30	 33	 36	 46	 47
8/25/2010	 2	 22	 23	 35	 39	 42
8/21/2010	 12	 21	 22	 24	 25	 35
8/18/2010	 7	 13	 17	 33	 35	 47
8/14/2010	 4	 16	 28	 32	 38	 42
8/11/2010	 5	 9	 11	 27	 33	 44
8/7/2010	 17	 18	 22	 26	 29	 40
8/4/2010	 1	 15	 20	 21	 31	 40
7/31/2010	 8	 13	 15	 26	 27	 39
7/28/2010	 4	 9	 19	 28	 32	 46
7/24/2010	 11	 13	 16	 28	 32	 47
7/21/2010	 3	 4	 9	 10	 37	 47
7/17/2010	 9	 13	 24	 27	 28	 33
7/14/2010	 1	 8	 12	 17	 18	 23
7/10/2010	 1	 18	 26	 30	 31	 44
7/7/2010	 23	 29	 40	 44	 46	 48
7/3/2010	 5	 14	 16	 20	 30	 47
6/30/2010	 4	 23	 24	 27	 29	 45
6/26/2010	 5	 8	 18	 20	 21	 32
6/23/2010	 6	 10	 13	 14	 15	 36
6/19/2010	 12	 19	 30	 31	 32	 39
6/16/2010	 1	 9	 15	 17	 18	 48
6/12/2010	 6	 9	 11	 29	 31	 35
6/9/2010	 2	 7	 19	 29	 36	 39
6/5/2010	 3	 23	 28	 29	 33	 41
6/2/2010	 6	 11	 19	 21	 31	 36
5/29/2010	 9	 17	 30	 42	 47	 48
5/26/2010	 2	 6	 21	 29	 44	 47
5/22/2010	 10	 11	 29	 35	 44	 48
5/19/2010	 8	 20	 24	 26	 32	 47
5/15/2010	 1	 15	 18	 34	 35	 46
5/12/2010	 2	 13	 14	 28	 40	 46
5/8/2010	 4	 5	 9	 21	 30	 48
5/5/2010	 3	 10	 17	 21	 23	 42
5/1/2010	 2	 27	 35	 36	 46	 48
4/28/2010	 2	 3	 6	 22	 33	 40
4/24/2010	 2	 12	 13	 27	 37	 40
4/21/2010	 10	 11	 18	 35	 36	 45
4/17/2010	 9	 10	 22	 37	 41	 44
4/14/2010	 4	 7	 9	 21	 31	 36
4/10/2010	 2	 5	 6	 12	 15	 21
4/7/2010	 4	 7	 8	 15	 38	 41
4/3/2010	 11	 24	 28	 38	 42	 44
3/31/2010	 7	 19	 21	 22	 29	 38
3/27/2010	 6	 8	 14	 19	 21	 27
3/24/2010	 4	 16	 25	 30	 41	 43
3/20/2010	 2	 21	 27	 30	 33	 40
3/17/2010	 6	 11	 12	 21	 34	 48
3/13/2010	 1	 10	 17	 31	 35	 40
3/10/2010	 1	 18	 26	 33	 36	 45
3/6/2010	 15	 21	 22	 24	 38	 46
3/3/2010	 5	 17	 21	 27	 29	 41
2/27/2010	 3	 7	 12	 16	 20	 28
2/24/2010	 9	 12	 13	 18	 30	 37
2/20/2010	 3	 19	 21	 31	 33	 46
2/17/2010	 6	 11	 16	 18	 20	 34
2/13/2010	 1	 3	 11	 13	 24	 28
2/10/2010	 12	 13	 16	 40	 42	 46
2/6/2010	 1	 3	 5	 36	 37	 41
2/3/2010	 14	 15	 23	 24	 26	 31
1/30/2010	 7	 13	 14	 15	 27	 28
1/27/2010	 9	 14	 23	 27	 35	 45
1/23/2010	 9	 20	 21	 31	 32	 36
1/20/2010	 1	 9	 10	 12	 14	 16
1/16/2010	 8	 14	 30	 31	 34	 45
1/13/2010	 3	 4	 20	 26	 45	 48
1/9/2010	 3	 4	 13	 28	 32	 47
1/6/2010	 8	 12	 17	 19	 29	 31
1/2/2010	 4	 11	 12	 25	 38	 44
12/30/2009	 1	 4	 23	 33	 40	 45
12/26/2009	 3	 7	 8	 25	 30	 44
12/23/2009	 8	 18	 27	 32	 39	 43
12/19/2009	 8	 13	 20	 21	 25	 40
12/16/2009	 4	 11	 26	 44	 47	 48
12/12/2009	 7	 12	 14	 19	 30	 32
12/9/2009	 1	 20	 26	 30	 46	 48
12/5/2009	 1	 8	 22	 23	 30	 46
12/2/2009	 2	 5	 9	 12	 36	 47
11/28/2009	 4	 10	 18	 30	 37	 41
11/25/2009	 8	 15	 24	 28	 37	 46
11/21/2009	 1	 25	 29	 37	 39	 41
11/18/2009	 3	 6	 15	 19	 45	 46
11/14/2009	 5	 7	 23	 28	 34	 45
11/11/2009	 8	 15	 19	 22	 25	 26
11/7/2009	 5	 13	 33	 34	 36	 39
11/4/2009	 13	 17	 27	 28	 38	 43
10/31/2009	 6	 13	 21	 22	 29	 45
10/28/2009	 3	 16	 19	 36	 43	 45
10/24/2009	 11	 14	 21	 28	 29	 44
10/21/2009	 10	 16	 22	 24	 25	 39
10/17/2009	 5	 12	 35	 36	 39	 48
10/14/2009	 19	 28	 30	 35	 39	 41
10/10/2009	 2	 3	 13	 16	 26	 45
10/7/2009	 4	 5	 15	 21	 29	 40
10/3/2009	 1	 6	 8	 15	 20	 47
9/30/2009	 3	 11	 12	 28	 35	 36
9/26/2009	 2	 8	 17	 20	 27	 30
9/23/2009	 17	 22	 23	 29	 30	 48
9/19/2009	 5	 20	 21	 38	 41	 48
9/16/2009	 3	 13	 18	 38	 43	 48
9/12/2009	 8	 13	 21	 24	 34	 37
9/9/2009	 12	 28	 29	 32	 42	 45
9/5/2009	 22	 23	 29	 42	 46	 47
9/2/2009	 3	 6	 8	 22	 42	 43
8/29/2009	 5	 13	 32	 37	 41	 48
8/26/2009	 1	 3	 17	 36	 44	 47
8/22/2009	 10	 12	 23	 25	 42	 43
8/19/2009	 4	 5	 17	 30	 38	 43
8/15/2009	 10	 15	 25	 27	 29	 40
8/12/2009	 13	 18	 22	 30	 32	 33
8/8/2009	 14	 20	 21	 23	 27	 37
8/5/2009	 8	 18	 19	 26	 32	 36
8/1/2009	 11	 18	 22	 42	 44	 48
7/29/2009	 6	 7	 17	 20	 44	 47
7/25/2009	 6	 15	 16	 17	 29	 48
7/22/2009	 1	 5	 11	 15	 17	 39
7/18/2009	 2	 14	 25	 34	 39	 43
7/15/2009	 3	 10	 26	 28	 29	 35
7/11/2009	 4	 12	 24	 26	 30	 34
7/8/2009	 4	 7	 21	 25	 40	 48
7/4/2009	 8	 11	 22	 28	 33	 48
7/1/2009	 1	 9	 21	 28	 29	 32
6/27/2009	 4	 8	 16	 19	 33	 40
6/24/2009	 4	 7	 9	 24	 37	 44
6/20/2009	 5	 8	 13	 19	 30	 41
6/17/2009	 4	 14	 18	 31	 41	 44
6/13/2009	 5	 16	 30	 31	 33	 37
6/10/2009	 2	 7	 13	 30	 31	 38
6/6/2009	 3	 5	 17	 33	 41	 43
6/3/2009	 1	 7	 14	 33	 37	 43
5/30/2009	 5	 12	 17	 21	 23	 34
5/27/2009	 4	 15	 22	 30	 32	 45
5/23/2009	 3	 5	 14	 19	 29	 37
5/20/2009	 10	 18	 20	 23	 37	 38
5/16/2009	 17	 23	 24	 25	 40	 47
5/13/2009	 1	 9	 12	 16	 32	 36
5/9/2009	 9	 13	 14	 32	 36	 44
5/6/2009	 3	 40	 41	 44	 46	 47
5/2/2009	 5	 13	 20	 21	 26	 33
4/29/2009	 6	 14	 18	 22	 31	 42
4/25/2009	 1	 4	 10	 13	 23	 42
4/22/2009	 8	 9	 14	 18	 19	 20
4/18/2009	 10	 14	 20	 21	 23	 43
4/15/2009	 2	 3	 8	 27	 31	 40
4/11/2009	 2	 5	 6	 12	 13	 22
4/8/2009	 10	 12	 16	 24	 26	 40
4/4/2009	 10	 13	 37	 44	 45	 47
4/1/2009	 7	 13	 15	 19	 29	 37
3/28/2009	 2	 4	 10	 28	 32	 48
3/25/2009	 3	 4	 24	 30	 31	 45
3/21/2009	 15	 25	 33	 35	 36	 39
3/18/2009	 10	 17	 19	 22	 31	 32
3/14/2009	 2	 10	 12	 16	 26	 32
3/11/2009	 17	 19	 21	 25	 38	 42
3/7/2009	 4	 10	 19	 20	 30	 42
3/4/2009	 3	 6	 10	 12	 33	 43
2/28/2009	 8	 25	 37	 38	 40	 43
2/25/2009	 6	 13	 27	 42	 44	 46
2/21/2009	 28	 29	 33	 41	 43	 47
2/18/2009	 7	 9	 18	 20	 22	 45
2/14/2009	 5	 11	 15	 16	 17	 42
2/11/2009	 16	 35	 38	 40	 41	 47
2/7/2009	 4	 22	 32	 38	 39	 43
2/4/2009	 3	 5	 6	 22	 30	 46
1/31/2009	 12	 28	 31	 33	 40	 46
1/28/2009	 6	 10	 16	 20	 32	 43
1/24/2009	 17	 25	 26	 37	 42	 47
1/21/2009	 1	 2	 6	 7	 22	 26
1/17/2009	 1	 2	 12	 26	 38	 45
1/14/2009	 2	 7	 8	 37	 39	 41
1/10/2009	 9	 18	 24	 36	 37	 42
1/7/2009	 14	 16	 20	 22	 41	 44
1/3/2009	 10	 29	 33	 40	 42	 47
12/31/2008	 19	 31	 39	 40	 46	 47
12/27/2008	 6	 13	 14	 16	 17	 24
12/24/2008	 9	 11	 17	 26	 31	 44
12/20/2008	 15	 18	 24	 27	 30	 44
12/17/2008	 4	 13	 19	 26	 34	 43
12/13/2008	 2	 14	 31	 32	 35	 48
12/10/2008	 21	 25	 28	 30	 35	 46
12/6/2008	 1	 2	 10	 19	 38	 40
12/3/2008	 3	 17	 26	 34	 41	 48
11/29/2008	 7	 8	 17	 24	 37	 47
11/26/2008	 10	 12	 14	 26	 28	 29
11/22/2008	 8	 20	 23	 38	 44	 46
11/19/2008	 3	 17	 32	 38	 39	 45
11/15/2008	 20	 30	 33	 35	 43	 47
11/12/2008	 8	 18	 28	 37	 39	 48
11/8/2008	 3	 19	 24	 28	 31	 32
11/5/2008	 6	 11	 21	 27	 41	 48
11/1/2008	 14	 17	 25	 37	 40	 48
10/29/2008	 4	 6	 10	 23	 28	 30
10/25/2008	 7	 20	 23	 25	 35	 42
10/22/2008	 4	 24	 30	 33	 42	 43
10/18/2008	 1	 29	 30	 43	 44	 46
10/15/2008	 3	 4	 21	 25	 30	 46
10/11/2008	 20	 21	 26	 38	 42	 45
10/8/2008	 20	 21	 22	 25	 40	 42
10/4/2008	 8	 19	 20	 23	 31	 45
10/1/2008	 3	 5	 15	 42	 43	 44
9/27/2008	 6	 9	 19	 20	 26	 33
9/24/2008	 10	 13	 28	 29	 30	 38
9/20/2008	 3	 5	 27	 35	 38	 46
9/17/2008	 3	 7	 14	 17	 19	 21
9/13/2008	 1	 6	 10	 19	 24	 35
9/10/2008	 3	 10	 22	 25	 40	 44
9/6/2008	 5	 8	 14	 27	 35	 41
9/3/2008	 9	 12	 15	 38	 39	 41
8/30/2008	 3	 5	 22	 27	 34	 39
8/27/2008	 2	 6	 34	 38	 40	 43
8/23/2008	 13	 19	 25	 28	 41	 48
8/20/2008	 9	 26	 35	 37	 43	 48
8/16/2008	 3	 7	 11	 18	 27	 40
8/13/2008	 5	 6	 19	 25	 47	 48
8/9/2008	 10	 26	 29	 33	 38	 43
8/6/2008	 5	 7	 9	 11	 39	 48
8/2/2008	 20	 21	 24	 25	 42	 43
7/30/2008	 6	 14	 19	 24	 41	 46
7/26/2008	 1	 11	 12	 14	 29	 47
7/23/2008	 15	 20	 28	 31	 33	 42
7/19/2008	 6	 7	 13	 30	 39	 46
7/16/2008	 5	 27	 33	 37	 43	 47
7/12/2008	 4	 27	 31	 37	 45	 46
7/9/2008	 5	 7	 11	 16	 21	 25
7/5/2008	 1	 25	 36	 38	 39	 41
7/2/2008	 12	 17	 18	 29	 45	 47
6/28/2008	 7	 17	 26	 41	 42	 46
6/25/2008	 4	 10	 23	 29	 46	 47
6/21/2008	 1	 17	 34	 36	 38	 40
6/18/2008	 6	 9	 14	 23	 30	 39
6/14/2008	 1	 3	 8	 14	 15	 40
6/11/2008	 2	 6	 19	 21	 33	 40
6/7/2008	 5	 6	 15	 19	 39	 48
6/4/2008	 11	 21	 31	 32	 35	 45
5/31/2008	 7	 17	 35	 36	 38	 42
5/28/2008	 1	 19	 20	 22	 28	 46
5/24/2008	 2	 4	 6	 16	 25	 44
5/21/2008	 6	 8	 17	 27	 32	 45
5/17/2008	 11	 17	 22	 31	 32	 41
5/14/2008	 1	 6	 15	 18	 25	 27
5/10/2008	 1	 5	 14	 26	 31	 33
5/7/2008	 21	 23	 33	 34	 38	 39
5/3/2008	 1	 14	 23	 43	 45	 48
4/30/2008	 2	 6	 8	 35	 36	 46
4/26/2008	 9	 10	 26	 29	 34	 46
4/23/2008	 22	 23	 31	 32	 34	 38
4/19/2008	 7	 9	 14	 35	 36	 37
4/16/2008	 7	 12	 15	 28	 33	 34
4/12/2008	 7	 16	 22	 27	 42	 44
4/9/2008	 8	 10	 19	 25	 40	 46
4/5/2008	 3	 18	 21	 23	 24	 45
4/2/2008	 7	 13	 17	 23	 37	 44
3/29/2008	 1	 4	 7	 8	 29	 41
3/26/2008	 16	 28	 30	 32	 38	 43
3/22/2008	 5	 13	 27	 34	 42	 43
3/19/2008	 1	 9	 19	 31	 42	 46
3/15/2008	 10	 26	 28	 35	 43	 45
3/12/2008	 21	 28	 33	 37	 41	 44
3/8/2008	 11	 19	 20	 22	 28	 42
3/5/2008	 4	 36	 40	 43	 45	 47
3/1/2008	 4	 17	 24	 36	 44	 47
2/27/2008	 2	 7	 25	 32	 41	 44
2/23/2008	 10	 20	 23	 27	 41	 45
2/20/2008	 20	 27	 28	 39	 40	 43
2/16/2008	 7	 22	 31	 33	 36	 45
2/13/2008	 1	 9	 13	 16	 20	 30
2/9/2008	 12	 16	 19	 25	 47	 48
2/6/2008	 11	 33	 34	 42	 44	 48
2/2/2008	 16	 27	 29	 38	 40	 43
1/30/2008	 3	 16	 30	 31	 33	 43
1/26/2008	 3	 17	 21	 31	 32	 35
1/23/2008	 1	 10	 11	 28	 33	 35
1/19/2008	 5	 10	 16	 23	 24	 46
1/16/2008	 7	 12	 14	 28	 40	 43
1/12/2008	 1	 9	 25	 29	 39	 48
1/9/2008	 10	 15	 27	 36	 39	 40
1/5/2008	 8	 11	 21	 34	 43	 47
1/2/2008	 3	 5	 22	 39	 47	 48
12/29/2007	 5	 6	 23	 40	 46	 48
12/26/2007	 6	 10	 25	 34	 38	 39
12/22/2007	 1	 3	 16	 22	 34	 36
12/19/2007	 10	 20	 21	 27	 31	 48
12/15/2007	 2	 7	 17	 27	 28	 46
12/12/2007	 3	 10	 17	 30	 39	 40
12/8/2007	 11	 17	 22	 30	 34	 37
12/5/2007	 1	 3	 25	 31	 41	 43
12/1/2007	 9	 10	 14	 18	 29	 35
11/28/2007	 15	 20	 30	 35	 46	 48
11/24/2007	 4	 8	 10	 12	 25	 29
11/21/2007	 5	 9	 11	 20	 21	 27
11/17/2007	 1	 2	 4	 13	 22	 39
11/14/2007	 1	 18	 22	 24	 28	 36
11/10/2007	 8	 9	 18	 36	 39	 47
11/7/2007	 8	 15	 16	 17	 35	 39
11/3/2007	 7	 21	 24	 28	 43	 46
10/31/2007	 9	 11	 13	 25	 37	 47
10/27/2007	 9	 12	 23	 28	 34	 36
10/24/2007	 5	 12	 28	 36	 40	 42
10/20/2007	 6	 20	 24	 34	 38	 47
10/17/2007	 4	 19	 34	 46	 47	 48
10/13/2007	 4	 5	 13	 27	 28	 32
10/10/2007	 2	 21	 23	 41	 44	 46
10/6/2007	 7	 9	 10	 18	 41	 44
10/3/2007	 3	 23	 24	 26	 40	 46
9/29/2007	 1	 3	 9	 11	 15	 18
9/26/2007	 25	 29	 32	 45	 47	 48
9/22/2007	 5	 9	 13	 19	 23	 25
9/19/2007	 5	 9	 20	 27	 31	 43
9/15/2007	 15	 17	 26	 34	 36	 37
9/12/2007	 1	 8	 13	 25	 41	 47
9/8/2007	 6	 9	 22	 39	 41	 42
9/5/2007	 19	 20	 24	 30	 41	 45
9/1/2007	 3	 12	 17	 19	 45	 46
8/29/2007	 4	 15	 18	 36	 37	 46
8/25/2007	 6	 7	 18	 29	 31	 39
8/22/2007	 4	 8	 15	 35	 38	 47
8/18/2007	 3	 7	 21	 29	 30	 41
8/15/2007	 14	 17	 20	 39	 43	 47
8/11/2007	 8	 12	 14	 33	 34	 42
8/8/2007	 4	 13	 21	 25	 39	 42
8/4/2007	 1	 3	 6	 20	 37	 38
8/1/2007	 17	 21	 26	 31	 34	 40
7/28/2007	 2	 5	 6	 36	 39	 42
7/25/2007	 7	 26	 27	 32	 42	 44
7/21/2007	 1	 11	 13	 15	 16	 26
7/18/2007	 3	 14	 22	 25	 26	 36
7/14/2007	 3	 22	 26	 27	 32	 39
7/11/2007	 2	 11	 13	 17	 28	 29
7/7/2007	 20	 24	 36	 43	 44	 45
7/4/2007	 1	 5	 9	 21	 25	 43
6/30/2007	 3	 15	 24	 31	 40	 46
6/27/2007	 5	 13	 17	 23	 28	 38
6/23/2007	 5	 20	 28	 41	 46	 48
6/20/2007	 14	 23	 34	 37	 42	 45
6/16/2007	 11	 19	 21	 27	 33	 46
6/13/2007	 10	 13	 26	 31	 37	 41
6/9/2007	 4	 12	 13	 27	 33	 41
6/6/2007	 11	 13	 30	 35	 38	 43
6/2/2007	 12	 18	 19	 26	 29	 33
5/30/2007	 15	 25	 27	 30	 32	 48
5/26/2007	 1	 7	 8	 10	 11	 41
5/23/2007	 9	 25	 30	 33	 36	 41
5/19/2007	 6	 28	 30	 31	 40	 46
5/16/2007	 12	 21	 23	 27	 29	 31
5/12/2007	 1	 4	 11	 15	 36	 42
5/9/2007	 2	 8	 13	 22	 32	 41
5/5/2007	 14	 17	 21	 35	 43	 47
5/2/2007	 3	 10	 15	 19	 34	 46
4/28/2007	 7	 9	 10	 11	 23	 47
4/25/2007	 5	 7	 18	 37	 41	 48
4/21/2007	 8	 10	 14	 30	 41	 43
4/18/2007	 3	 19	 21	 24	 33	 34
4/14/2007	 16	 20	 23	 31	 39	 41
4/11/2007	 2	 17	 21	 22	 40	 41
4/7/2007	 18	 22	 30	 32	 36	 40
4/4/2007	 2	 18	 20	 22	 25	 32
3/31/2007	 6	 7	 16	 28	 29	 42
3/28/2007	 4	 13	 22	 30	 34	 45
3/24/2007	 7	 10	 14	 30	 39	 40
3/21/2007	 26	 31	 32	 39	 47	 48
3/17/2007	 2	 3	 5	 35	 40	 45
3/14/2007	 4	 20	 27	 31	 38	 41
3/10/2007	 1	 5	 16	 36	 44	 45
3/7/2007	 3	 7	 21	 26	 30	 37
3/3/2007	 3	 5	 9	 24	 26	 27
2/28/2007	 4	 7	 14	 18	 21	 37
2/24/2007	 7	 12	 26	 29	 31	 47
2/21/2007	 1	 4	 17	 34	 44	 48
2/17/2007	 23	 29	 31	 33	 40	 45
2/14/2007	 3	 17	 34	 42	 45	 46
2/10/2007	 16	 24	 25	 26	 28	 40
2/7/2007	 10	 14	 30	 33	 36	 37
2/3/2007	 8	 14	 16	 26	 27	 38
1/31/2007	 2	 10	 12	 21	 40	 42
1/27/2007	 2	 5	 8	 9	 13	 25
1/24/2007	 3	 9	 19	 26	 29	 35
1/20/2007	 2	 13	 21	 23	 25	 27
1/17/2007	 14	 18	 22	 23	 28	 45
1/13/2007	 2	 5	 22	 33	 42	 46
1/10/2007	 10	 17	 18	 34	 38	 48
1/6/2007	 1	 5	 20	 21	 40	 42
1/3/2007	 1	 9	 20	 34	 42	 48
12/30/2006	 3	 29	 31	 37	 41	 44
12/27/2006	 4	 9	 22	 27	 28	 32
12/23/2006	 13	 14	 22	 27	 30	 41
12/20/2006	 5	 8	 10	 18	 24	 35
12/16/2006	 4	 7	 13	 19	 31	 41
12/13/2006	 7	 9	 20	 35	 38	 43
12/9/2006	 12	 23	 24	 36	 45	 48
12/6/2006	 2	 3	 6	 19	 22	 47
12/2/2006	 6	 10	 22	 38	 42	 48
11/29/2006	 3	 7	 9	 25	 28	 35
11/25/2006	 18	 31	 33	 39	 43	 45
11/22/2006	 15	 22	 33	 38	 40	 45
11/18/2006	 9	 14	 16	 29	 32	 44
11/15/2006	 3	 14	 16	 25	 26	 44
11/11/2006	 9	 10	 21	 24	 43	 47
11/8/2006	 5	 14	 20	 27	 44	 47
11/4/2006	 20	 25	 28	 34	 37	 47
11/1/2006	 2	 16	 32	 37	 40	 45
10/28/2006	 13	 26	 30	 35	 42	 48
10/25/2006	 9	 23	 31	 42	 46	 47
10/21/2006	 7	 8	 12	 23	 29	 47
10/18/2006	 2	 16	 28	 31	 38	 40
10/14/2006	 2	 5	 12	 17	 28	 29
10/11/2006	 17	 19	 26	 35	 37	 42
10/7/2006	 5	 7	 8	 16	 25	 32
10/4/2006	 7	 16	 39	 41	 43	 45
9/30/2006	 6	 8	 13	 23	 30	 48
9/27/2006	 1	 2	 6	 8	 12	 41
9/23/2006	 8	 16	 20	 21	 36	 40
9/20/2006	 6	 13	 15	 22	 27	 39
9/16/2006	 28	 32	 41	 42	 46	 48
9/13/2006	 2	 4	 5	 22	 37	 44
9/9/2006	 8	 9	 13	 15	 16	 19
9/6/2006	 25	 27	 29	 36	 43	 47
9/2/2006	 7	 8	 12	 21	 27	 31
8/30/2006	 1	 5	 17	 23	 31	 34
8/26/2006	 1	 12	 22	 26	 28	 31
8/23/2006	 3	 12	 17	 21	 28	 40
8/19/2006	 8	 12	 32	 35	 40	 42
8/16/2006	 7	 10	 14	 15	 28	 48
8/12/2006	 6	 7	 21	 31	 36	 39
8/9/2006	 10	 15	 17	 41	 45	 48
8/5/2006	 6	 16	 19	 30	 35	 36
8/2/2006	 4	 17	 20	 23	 40	 44
7/29/2006	 18	 27	 28	 36	 41	 42
7/26/2006	 6	 24	 29	 32	 35	 38
7/22/2006	 4	 9	 25	 34	 37	 38
7/19/2006	 4	 7	 12	 30	 36	 47
7/15/2006	 1	 21	 23	 29	 32	 48
7/12/2006	 10	 13	 14	 23	 26	 41
7/8/2006	 2	 7	 9	 18	 36	 38
7/5/2006	 16	 18	 31	 33	 43	 44
7/1/2006	 5	 13	 33	 35	 40	 47
6/28/2006	 12	 25	 29	 33	 36	 44
6/24/2006	 9	 22	 27	 33	 38	 44
6/21/2006	 12	 24	 33	 34	 38	 40
6/17/2006	 1	 8	 17	 22	 45	 48
6/14/2006	 10	 21	 23	 24	 26	 46
6/10/2006	 2	 3	 10	 14	 26	 37
6/7/2006	 7	 20	 23	 26	 27	 33
6/3/2006	 3	 24	 26	 39	 42	 46
5/31/2006	 1	 9	 16	 28	 40	 41
5/27/2006	 4	 24	 30	 36	 42	 46
5/24/2006	 2	 4	 23	 35	 43	 45
5/20/2006	 4	 9	 18	 33	 36	 43
5/17/2006	 6	 7	 17	 29	 34	 45
5/13/2006	 6	 14	 20	 22	 28	 45
5/10/2006	 7	 18	 22	 24	 37	 45
5/6/2006	 2	 8	 9	 11	 13	 37
5/3/2006	 5	 7	 13	 20	 25	 43
4/29/2006	 6	 10	 25	 34	 35	 48
4/26/2006	 4	 8	 13	 29	 31	 37
4/22/2006	 11	 13	 29	 40	 44	 47
4/19/2006	 4	 10	 15	 17	 23	 34
4/15/2006	 1	 5	 26	 31	 41	 43
4/12/2006	 9	 18	 27	 35	 40	 43
4/8/2006	 7	 16	 19	 21	 25	 37
4/5/2006	 11	 20	 27	 31	 42	 46
4/1/2006	 2	 7	 16	 25	 34	 35
3/29/2006	 13	 25	 29	 36	 45	 48
3/25/2006	 2	 7	 30	 39	 40	 48
3/22/2006	 18	 20	 23	 37	 42	 47
3/18/2006	 1	 3	 16	 28	 42	 46
3/15/2006	 3	 21	 29	 33	 40	 44
3/11/2006	 5	 14	 27	 28	 29	 47
3/8/2006	 9	 14	 23	 29	 30	 40
3/4/2006	 7	 10	 12	 26	 30	 41
3/1/2006	 11	 22	 26	 29	 39	 45
2/25/2006	 6	 13	 19	 25	 36	 38
2/22/2006	 7	 8	 10	 15	 25	 46
2/18/2006	 8	 16	 18	 29	 41	 45
2/15/2006	 2	 10	 16	 22	 31	 39
2/11/2006	 6	 13	 18	 25	 30	 34
2/8/2006	 5	 7	 9	 26	 41	 46
2/4/2006	 4	 6	 11	 13	 24	 33
2/1/2006	 1	 5	 10	 17	 26	 32
1/28/2006	 19	 30	 31	 32	 37	 38
1/25/2006	 10	 15	 27	 33	 35	 48
1/21/2006	 2	 4	 18	 23	 40	 46
1/18/2006	 5	 8	 13	 36	 44	 48
1/14/2006	 9	 11	 27	 29	 39	 45
1/11/2006	 13	 15	 23	 24	 32	 48
1/7/2006	 12	 15	 18	 19	 34	 36
1/4/2006	 12	 16	 18	 24	 31	 35
12/31/2005	 5	 7	 13	 17	 20	 40
12/28/2005	 11	 21	 28	 29	 42	 47
12/24/2005	 3	 10	 12	 20	 44	 47
12/21/2005	 5	 7	 8	 25	 34	 40
12/17/2005	 7	 20	 24	 30	 37	 45
12/14/2005	 12	 16	 21	 25	 29	 46
12/10/2005	 5	 19	 24	 26	 31	 40
12/7/2005	 5	 22	 23	 27	 46	 48
12/3/2005	 1	 14	 31	 39	 43	 44
11/30/2005	 9	 14	 30	 36	 37	 43
11/26/2005	 1	 4	 22	 37	 41	 45
11/23/2005	 3	 13	 27	 29	 34	 35
11/19/2005	 19	 27	 28	 29	 32	 37
11/16/2005	 2	 30	 32	 36	 37	 44
11/12/2005	 1	 12	 18	 30	 38	 39
11/9/2005	 1	 4	 7	 17	 34	 44
11/5/2005	 6	 15	 23	 31	 35	 40
11/2/2005	 8	 17	 19	 31	 34	 42
10/29/2005	 16	 25	 26	 44	 45	 46
10/26/2005	 3	 7	 21	 30	 31	 38
10/22/2005	 14	 17	 20	 22	 28	 45
10/19/2005	 2	 3	 5	 6	 20	 43
10/15/2005	 9	 16	 19	 22	 23	 32
10/12/2005	 7	 13	 20	 22	 25	 40
10/8/2005	 16	 23	 32	 33	 36	 40
10/5/2005	 5	 28	 29	 33	 36	 44
10/1/2005	 5	 8	 15	 32	 33	 36
9/28/2005	 8	 15	 16	 31	 34	 47
9/24/2005	 9	 35	 36	 39	 41	 48
9/21/2005	 6	 9	 26	 30	 42	 45
9/17/2005	 2	 13	 18	 22	 25	 37
9/14/2005	 13	 20	 27	 30	 32	 47
9/10/2005	 4	 6	 7	 16	 35	 39
9/7/2005	 5	 9	 13	 22	 34	 41
9/3/2005	 3	 5	 22	 29	 33	 38
8/31/2005	 8	 18	 24	 26	 30	 32
8/27/2005	 4	 8	 11	 23	 30	 48
8/24/2005	 3	 21	 29	 35	 42	 43
8/20/2005	 1	 2	 9	 30	 32	 48
8/17/2005	 16	 17	 18	 24	 43	 45
8/13/2005	 5	 22	 28	 29	 36	 45
8/10/2005	 4	 5	 7	 12	 18	 30
8/6/2005	 4	 19	 22	 29	 30	 40
8/3/2005	 1	 34	 38	 40	 44	 47
7/30/2005	 2	 4	 10	 19	 23	 24
7/27/2005	 2	 14	 21	 27	 30	 35
7/23/2005	 6	 14	 19	 38	 39	 45
7/20/2005	 1	 3	 15	 21	 26	 40
7/16/2005	 3	 11	 14	 17	 18	 19
7/13/2005	 6	 26	 28	 33	 35	 47
7/9/2005	 9	 11	 19	 22	 27	 42
7/6/2005	 34	 37	 40	 42	 45	 47
7/2/2005	 3	 11	 13	 30	 41	 48
6/29/2005	 13	 16	 22	 29	 34	 39
6/25/2005	 15	 17	 25	 27	 32	 37
6/22/2005	 12	 13	 24	 29	 36	 37
6/18/2005	 2	 4	 16	 18	 35	 45
6/15/2005	 10	 18	 20	 23	 28	 37
6/11/2005	 4	 7	 8	 10	 12	 20
6/8/2005	 11	 13	 25	 29	 45	 47
6/4/2005	 26	 27	 32	 37	 39	 47
6/1/2005	 7	 8	 12	 13	 45	 47
5/28/2005	 5	 6	 15	 20	 29	 42
5/25/2005	 3	 15	 23	 26	 28	 37
5/21/2005	 22	 23	 25	 34	 39	 48
5/18/2005	 2	 16	 23	 26	 43	 48
5/14/2005	 2	 16	 19	 36	 40	 46
5/11/2005	 3	 17	 27	 32	 33	 34
5/7/2005	 2	 3	 23	 24	 29	 32
5/4/2005	 3	 9	 17	 21	 25	 28
4/30/2005	 15	 17	 19	 21	 23	 37
4/27/2005	 4	 18	 32	 36	 43	 46
4/23/2005	 5	 6	 10	 17	 23	 37
4/20/2005	 1	 2	 12	 29	 34	 40
4/16/2005	 3	 12	 39	 41	 45	 47
4/13/2005	 1	 15	 19	 21	 29	 35
4/9/2005	 15	 21	 38	 42	 47	 48
4/6/2005	 26	 27	 31	 32	 36	 41
4/2/2005	 3	 4	 10	 23	 43	 48
3/30/2005	 4	 7	 13	 31	 43	 46
3/26/2005	 5	 14	 15	 30	 46	 48
3/23/2005	 18	 21	 34	 35	 38	 44
3/19/2005	 4	 5	 14	 15	 18	 22
3/16/2005	 6	 9	 15	 26	 34	 36
3/12/2005	 10	 18	 41	 43	 46	 47
3/9/2005	 1	 4	 8	 20	 29	 33
3/5/2005	 2	 23	 31	 36	 37	 44
3/2/2005	 15	 19	 30	 40	 42	 45
2/26/2005	 10	 13	 25	 26	 39	 47
2/23/2005	 10	 23	 25	 37	 47	 48
2/19/2005	 6	 29	 30	 39	 47	 48
2/16/2005	 7	 21	 22	 23	 34	 42
2/12/2005	 4	 6	 13	 14	 21	 48
2/9/2005	 6	 17	 30	 38	 39	 47
2/5/2005	 11	 19	 21	 33	 40	 47
2/2/2005	 23	 25	 33	 35	 37	 47
1/29/2005	 5	 31	 43	 44	 47	 48
1/26/2005	 4	 22	 34	 37	 42	 47
1/22/2005	 2	 7	 12	 32	 37	 38
1/19/2005	 13	 21	 34	 37	 41	 43
1/15/2005	 8	 9	 13	 19	 31	 32
1/12/2005	 4	 9	 12	 13	 32	 47
1/8/2005	 3	 6	 13	 28	 31	 48
1/5/2005	 26	 37	 38	 40	 41	 46
1/1/2005	 1	 2	 29	 32	 35	 43
12/29/2004	 1	 9	 30	 43	 45	 48
12/25/2004	 2	 17	 22	 31	 34	 36
12/22/2004	 21	 22	 24	 30	 40	 46
12/18/2004	 7	 15	 30	 32	 43	 45
12/15/2004	 15	 27	 32	 38	 43	 45
12/11/2004	 13	 18	 26	 27	 46	 48
12/8/2004	 3	 10	 24	 32	 45	 48
12/4/2004	 23	 30	 34	 35	 37	 44
12/1/2004	 2	 13	 16	 31	 32	 34
11/27/2004	 16	 17	 28	 29	 30	 45
11/24/2004	 4	 9	 34	 39	 47	 48
11/20/2004	 3	 24	 37	 39	 43	 47
11/17/2004	 18	 19	 26	 28	 38	 43
11/13/2004	 5	 7	 21	 37	 45	 47
11/10/2004	 5	 7	 22	 40	 42	 48
11/6/2004	 1	 10	 21	 25	 45	 48
11/3/2004	 10	 13	 19	 33	 38	 46
10/30/2004	 1	 8	 11	 14	 37	 47
10/27/2004	 8	 10	 14	 35	 40	 46
10/23/2004	 5	 16	 17	 22	 24	 29
10/20/2004	 5	 6	 10	 15	 37	 48
10/16/2004	 4	 7	 24	 26	 33	 40
10/13/2004	 3	 15	 17	 18	 22	 25
10/9/2004	 4	 34	 38	 39	 44	 48
10/6/2004	 4	 9	 11	 14	 31	 42
10/2/2004	 1	 7	 10	 15	 40	 43
9/29/2004	 1	 4	 17	 23	 25	 36
9/25/2004	 2	 7	 13	 19	 32	 43
9/22/2004	 10	 12	 19	 31	 40	 43
9/18/2004	 9	 23	 28	 37	 44	 46
9/15/2004	 4	 10	 13	 19	 40	 44
9/11/2004	 7	 12	 24	 27	 44	 48
9/8/2004	 5	 8	 18	 21	 27	 47
9/4/2004	 14	 15	 24	 26	 35	 44
9/1/2004	 2	 12	 18	 20	 28	 34
8/28/2004	 2	 14	 15	 27	 36	 37
8/25/2004	 14	 17	 31	 37	 47	 48
8/21/2004	 1	 8	 22	 31	 35	 44
8/18/2004	 6	 19	 23	 27	 28	 48
8/14/2004	 6	 9	 26	 32	 39	 41
8/11/2004	 1	 17	 30	 34	 40	 45
8/7/2004	 5	 13	 32	 37	 40	 41
8/4/2004	 5	 7	 12	 28	 41	 46
7/31/2004	 2	 18	 25	 29	 34	 36
7/28/2004	 5	 8	 9	 10	 19	 20
7/24/2004	 10	 15	 17	 27	 37	 40
7/21/2004	 4	 8	 23	 27	 34	 43
7/17/2004	 5	 15	 27	 37	 39	 46
7/14/2004	 9	 14	 20	 27	 37	 38
7/10/2004	 1	 7	 10	 23	 32	 35
7/7/2004	 13	 21	 32	 39	 41	 48
7/3/2004	 5	 8	 14	 20	 34	 35
6/30/2004	 12	 15	 16	 17	 18	 29
6/26/2004	 12	 27	 33	 36	 43	 47
6/23/2004	 5	 6	 16	 21	 24	 32
6/19/2004	 8	 12	 17	 19	 21	 34
6/16/2004	 1	 11	 22	 26	 36	 42
6/12/2004	 12	 13	 18	 22	 33	 43
6/9/2004	 5	 6	 15	 40	 44	 48
6/5/2004	 6	 12	 17	 19	 42	 46
6/2/2004	 15	 19	 21	 26	 38	 43
5/29/2004	 7	 19	 23	 33	 38	 41
5/26/2004	 7	 10	 13	 29	 37	 40
5/22/2004	 4	 8	 24	 26	 34	 45
5/19/2004	 5	 9	 12	 19	 20	 40
5/15/2004	 4	 7	 19	 25	 26	 42
5/12/2004	 6	 8	 22	 29	 42	 44
5/8/2004	 2	 4	 5	 30	 36	 44
5/5/2004	 1	 15	 18	 19	 20	 34
5/1/2004	 9	 13	 23	 25	 40	 44
4/28/2004	 16	 18	 38	 40	 43	 46
4/24/2004	 13	 20	 22	 33	 36	 44
4/21/2004	 8	 12	 14	 19	 24	 36
4/17/2004	 7	 11	 18	 41	 46	 48
4/14/2004	 1	 2	 16	 19	 30	 35
4/10/2004	 5	 15	 16	 17	 25	 43
4/7/2004	 8	 9	 14	 20	 29	 34
4/3/2004	 4	 10	 13	 25	 33	 36
3/31/2004	 26	 30	 34	 38	 40	 43
3/27/2004	 6	 22	 43	 45	 46	 48
3/24/2004	 2	 12	 14	 18	 35	 40
3/20/2004	 5	 8	 10	 12	 21	 24
3/17/2004	 1	 9	 14	 32	 39	 43
3/13/2004	 5	 8	 17	 31	 32	 41
3/10/2004	 3	 5	 22	 36	 38	 44
3/6/2004	 1	 9	 21	 32	 42	 45
3/3/2004	 12	 18	 28	 33	 39	 40
2/28/2004	 8	 12	 19	 20	 29	 36
2/25/2004	 16	 24	 27	 29	 38	 45
2/21/2004	 16	 17	 18	 19	 29	 46
2/18/2004	 5	 13	 27	 34	 36	 39
2/14/2004	 6	 10	 11	 18	 33	 38
2/11/2004	 3	 8	 13	 26	 44	 45
2/7/2004	 8	 20	 24	 32	 36	 48
2/4/2004	 3	 12	 15	 20	 25	 30
1/31/2004	 4	 30	 34	 36	 44	 48
1/28/2004	 1	 13	 15	 27	 32	 35
1/24/2004	 7	 14	 25	 26	 29	 36
1/21/2004	 1	 15	 19	 35	 40	 43
1/17/2004	 6	 21	 27	 31	 39	 47
1/14/2004	 8	 12	 13	 41	 44	 48
1/10/2004	 3	 10	 14	 18	 21	 30
1/7/2004	 13	 15	 20	 27	 31	 43
1/3/2004	 8	 15	 16	 33	 34	 47
12/31/2003	 2	 8	 9	 32	 43	 45
12/27/2003	 5	 7	 14	 24	 28	 33
12/24/2003	 14	 16	 25	 27	 36	 48
12/20/2003	 1	 4	 33	 34	 38	 41
12/17/2003	 3	 21	 23	 34	 37	 39
12/13/2003	 1	 5	 24	 27	 30	 35
12/10/2003	 4	 14	 15	 24	 26	 29
12/6/2003	 1	 5	 18	 21	 29	 48
12/3/2003	 13	 15	 24	 27	 46	 48
11/29/2003	 2	 7	 12	 23	 27	 35
11/26/2003	 2	 8	 13	 17	 29	 39
11/22/2003	 2	 34	 39	 43	 47	 48
11/19/2003	 7	 8	 13	 18	 34	 41
11/15/2003	 7	 18	 20	 29	 32	 39
11/12/2003	 12	 26	 30	 45	 46	 48
11/8/2003	 10	 22	 27	 33	 36	 47
11/5/2003	 12	 13	 38	 40	 42	 48
11/1/2003	 1	 3	 13	 18	 33	 38
10/29/2003	 17	 21	 38	 40	 45	 46
10/25/2003	 5	 8	 19	 21	 37	 48
10/22/2003	 4	 15	 25	 34	 38	 43
10/18/2003	 15	 21	 27	 37	 43	 48
10/15/2003	 12	 17	 38	 39	 40	 48
10/11/2003	 1	 9	 12	 16	 19	 39
10/8/2003	 6	 19	 21	 26	 32	 43
10/4/2003	 10	 24	 27	 37	 41	 42
10/1/2003	 14	 18	 25	 29	 36	 47
9/27/2003	 20	 24	 30	 32	 33	 35
9/24/2003	 3	 7	 18	 20	 24	 29
9/20/2003	 5	 14	 38	 41	 43	 46
9/17/2003	 4	 34	 38	 41	 43	 46
9/13/2003	 10	 11	 14	 15	 34	 42
9/10/2003	 3	 6	 31	 32	 39	 45
9/6/2003	 5	 15	 21	 22	 29	 40
9/3/2003	 2	 23	 36	 44	 45	 46
8/30/2003	 3	 17	 22	 31	 38	 48
8/27/2003	 5	 13	 38	 42	 45	 46
8/23/2003	 17	 24	 26	 28	 41	 44
8/20/2003	 6	 9	 26	 29	 40	 43
8/16/2003	 5	 8	 15	 17	 25	 40
8/13/2003	 7	 9	 25	 28	 34	 44
8/9/2003	 3	 13	 18	 22	 33	 43
8/6/2003	 8	 24	 25	 26	 31	 35
8/2/2003	 1	 30	 39	 41	 42	 45
7/30/2003	 1	 20	 28	 35	 46	 47
7/26/2003	 3	 7	 21	 35	 46	 48
7/23/2003	 8	 20	 24	 32	 34	 40
7/19/2003	 3	 10	 12	 13	 29	 33
7/16/2003	 10	 16	 22	 24	 26	 37
7/12/2003	 1	 28	 33	 37	 41	 45
7/9/2003	 2	 12	 17	 18	 32	 35
7/5/2003	 5	 8	 27	 37	 40	 48
7/2/2003	 20	 25	 26	 36	 37	 47
6/28/2003	 18	 19	 26	 34	 46	 47
6/25/2003	 10	 16	 31	 35	 38	 43
6/21/2003	 2	 20	 23	 39	 46	 48
6/18/2003	 6	 7	 17	 34	 38	 48
6/14/2003	 10	 16	 18	 28	 36	 47
6/11/2003	 14	 18	 24	 42	 46	 47
6/7/2003	 9	 15	 18	 30	 38	 44
6/4/2003	 4	 11	 15	 24	 38	 48
5/31/2003	 3	 7	 16	 23	 25	 36
5/28/2003	 1	 19	 22	 24	 26	 32
5/24/2003	 3	 23	 27	 33	 40	 46
5/21/2003	 2	 6	 16	 17	 29	 38
5/17/2003	 2	 8	 13	 27	 29	 48
5/14/2003	 4	 14	 18	 31	 43	 48
5/10/2003	 11	 18	 20	 23	 35	 47
5/7/2003	 1	 4	 19	 22	 24	 48
5/3/2003	 4	 9	 10	 18	 33	 39
4/30/2003	 3	 6	 38	 43	 46	 47
4/26/2003	 7	 10	 17	 27	 28	 29
4/23/2003	 6	 10	 12	 21	 36	 38
4/19/2003	 2	 5	 6	 15	 38	 46
4/16/2003	 9	 17	 23	 28	 30	 38
4/12/2003	 9	 19	 20	 23	 29	 37
4/9/2003	 12	 18	 23	 24	 30	 35
4/5/2003	 5	 7	 18	 25	 43	 47
4/2/2003	 1	 14	 23	 28	 30	 46
3/29/2003	 2	 5	 8	 26	 29	 36
3/26/2003	 7	 9	 24	 36	 39	 42
3/22/2003	 3	 10	 24	 40	 46	 48
3/19/2003	 7	 16	 23	 26	 44	 48
3/15/2003	 14	 25	 27	 37	 40	 45
3/12/2003	 15	 21	 33	 37	 39	 46
3/8/2003	 3	 14	 31	 36	 40	 45
3/5/2003	 2	 3	 10	 12	 24	 26
3/1/2003	 1	 15	 26	 27	 37	 39
2/26/2003	 3	 5	 15	 21	 24	 45
2/22/2003	 10	 26	 33	 38	 40	 47
2/19/2003	 2	 17	 19	 40	 41	 47
2/15/2003	 15	 20	 29	 33	 35	 39
2/12/2003	 4	 7	 12	 23	 24	 47
2/8/2003	 4	 16	 27	 28	 34	 37
2/5/2003	 8	 16	 17	 21	 23	 40
2/1/2003	 1	 2	 9	 15	 22	 31
1/29/2003	 5	 15	 21	 35	 41	 45
1/25/2003	 2	 14	 32	 33	 36	 40
1/22/2003	 7	 26	 30	 40	 45	 48
1/18/2003	 7	 8	 32	 39	 42	 44
1/15/2003	 9	 17	 19	 26	 35	 45
1/11/2003	 12	 20	 22	 36	 44	 48
1/8/2003	 3	 7	 38	 42	 45	 46
1/4/2003	 2	 5	 10	 25	 26	 29
1/1/2003	 1	 6	 10	 40	 42	 44
12/28/2002	 6	 12	 18	 19	 29	 40
12/25/2002	 4	 5	 27	 29	 37	 43
12/21/2002	 2	 12	 26	 29	 40	 42
12/18/2002	 8	 15	 16	 17	 19	 28
12/14/2002	 3	 4	 28	 29	 31	 47
12/11/2002	 6	 9	 14	 17	 23	 28
12/7/2002	 2	 7	 8	 17	 24	 30
12/4/2002	 1	 7	 10	 15	 16	 27
11/30/2002	 8	 9	 14	 33	 37	 47
11/27/2002	 1	 2	 12	 20	 39	 42
11/23/2002	 8	 9	 18	 26	 42	 46
11/20/2002	 4	 5	 6	 10	 34	 48
11/16/2002	 3	 4	 15	 16	 25	 38
11/13/2002	 8	 10	 18	 23	 24	 37
11/9/2002	 2	 5	 16	 19	 39	 45
11/6/2002	 8	 9	 27	 31	 34	 35
11/2/2002	 1	 16	 29	 39	 45	 46
10/30/2002	 9	 17	 27	 30	 40	 42
10/26/2002	 1	 7	 16	 27	 29	 30
10/23/2002	 1	 7	 9	 37	 45	 46
10/19/2002	 3	 12	 33	 43	 46	 47
10/16/2002	 10	 13	 16	 21	 34	 41
10/12/2002	 5	 11	 17	 27	 32	 39
10/9/2002	 1	 10	 27	 39	 41	 48
10/5/2002	 9	 15	 20	 30	 42	 48
10/2/2002	 8	 24	 25	 27	 33	 41
9/28/2002	 6	 18	 20	 24	 26	 30
9/25/2002	 2	 18	 19	 20	 25	 44
9/21/2002	 2	 3	 8	 14	 44	 46
9/18/2002	 11	 13	 14	 20	 33	 40
9/14/2002	 8	 15	 22	 23	 32	 47
9/11/2002	 21	 22	 30	 31	 40	 42
9/7/2002	 9	 14	 21	 23	 37	 44
9/4/2002	 14	 15	 16	 35	 36	 38
8/31/2002	 7	 18	 29	 32	 35	 42
8/28/2002	 6	 13	 16	 31	 37	 40
8/24/2002	 17	 25	 29	 31	 44	 47
8/21/2002	 5	 8	 12	 19	 31	 46
8/17/2002	 5	 10	 14	 17	 29	 42
8/14/2002	 1	 11	 21	 40	 47	 48
8/10/2002	 4	 7	 20	 36	 42	 46
8/7/2002	 8	 11	 13	 26	 30	 42
8/3/2002	 8	 10	 19	 37	 44	 45
7/31/2002	 4	 9	 13	 15	 22	 40
7/27/2002	 10	 30	 33	 38	 41	 44
7/24/2002	 10	 16	 26	 27	 28	 36
7/20/2002	 13	 26	 27	 29	 33	 40
7/17/2002	 5	 16	 21	 24	 29	 34
7/13/2002	 3	 4	 18	 19	 30	 43
7/10/2002	 24	 27	 28	 29	 32	 47
7/6/2002	 2	 4	 23	 26	 33	 45
7/3/2002	 1	 4	 13	 16	 41	 43
6/29/2002	 9	 17	 19	 24	 25	 33
6/26/2002	 10	 11	 17	 21	 32	 38
6/22/2002	 3	 8	 12	 19	 21	 32
6/19/2002	 8	 15	 16	 18	 39	 45
6/15/2002	 3	 9	 16	 24	 34	 42
6/12/2002	 19	 22	 31	 32	 43	 46
6/8/2002	 9	 18	 26	 30	 35	 44
6/5/2002	 11	 16	 20	 21	 46	 48
6/1/2002	 1	 5	 10	 18	 24	 26
5/29/2002	 8	 9	 18	 21	 29	 33
5/25/2002	 2	 7	 10	 17	 18	 33
5/22/2002	 4	 11	 17	 35	 36	 44
5/18/2002	 23	 25	 28	 29	 30	 36
5/15/2002	 1	 6	 12	 17	 20	 28
5/11/2002	 7	 9	 21	 35	 41	 44
5/8/2002	 1	 5	 17	 23	 34	 37
5/4/2002	 7	 11	 16	 33	 39	 48
5/1/2002	 12	 14	 20	 22	 45	 47
4/27/2002	 6	 18	 19	 28	 33	 37
4/24/2002	 15	 20	 32	 36	 39	 45
4/20/2002	 5	 12	 16	 18	 44	 47
4/17/2002	 3	 9	 10	 16	 41	 44
4/13/2002	 1	 12	 28	 31	 38	 48
4/10/2002	 9	 17	 27	 31	 36	 47
4/6/2002	 10	 12	 13	 20	 39	 47
4/3/2002	 10	 19	 26	 40	 41	 48
3/30/2002	 6	 14	 19	 45	 46	 48
3/27/2002	 9	 13	 30	 32	 46	 48
3/23/2002	 12	 23	 31	 37	 39	 41
3/20/2002	 1	 19	 22	 25	 35	 47
3/16/2002	 13	 18	 21	 36	 38	 41
3/13/2002	 7	 10	 27	 32	 40	 43
3/9/2002	 4	 11	 29	 33	 38	 40
3/6/2002	 9	 25	 31	 39	 44	 45
3/2/2002	 3	 8	 9	 24	 33	 39
2/27/2002	 11	 19	 25	 34	 36	 37
2/23/2002	 5	 14	 30	 32	 35	 36
2/20/2002	 11	 18	 31	 35	 40	 43
2/16/2002	 4	 9	 16	 20	 40	 47
2/13/2002	 3	 14	 30	 38	 47	 48
2/9/2002	 2	 16	 20	 25	 34	 46
2/6/2002	 2	 5	 6	 8	 43	 45
2/2/2002	 13	 24	 26	 28	 38	 45
1/30/2002	 8	 14	 21	 26	 36	 42
1/26/2002	 3	 13	 17	 21	 30	 44
1/23/2002	 6	 14	 19	 23	 32	 39
1/19/2002	 8	 9	 16	 28	 29	 46
1/16/2002	 1	 5	 12	 19	 30	 48
1/12/2002	 18	 21	 22	 34	 42	 47
1/9/2002	 23	 26	 41	 45	 46	 47
1/5/2002	 7	 9	 12	 36	 39	 40
1/2/2002	 12	 16	 26	 38	 45	 46
12/29/2001	01 05 19 21 22 46
12/26/2001	15 24 28 29 33 46
12/22/2001	17 22 24 26 39 46
12/19/2001	05 13 31 32 35 42
12/15/2001	03 05 13 15 35 45
12/12/2001	05 12 17 19 36 45
12/8/2001	01 12 13 19 45 47
12/5/2001	14 17 24 37 43 45
12/1/2001	13 19 28 36 46 47
11/28/2001	03 09 13 14 15 27
11/24/2001	02 05 20 23 27 43
11/21/2001	01 06 24 34 45 47
11/17/2001	04 07 15 18 26 33
11/14/2001	04 05 31 34 44 46
11/10/2001	04 09 14 24 26 29
11/7/2001	01 12 30 31 40 45
11/3/2001	33 37 38 41 45 48
10/31/2001	01 08 10 14 28 33
10/27/2001	15 19 33 41 43 44
10/24/2001	01 03 14 15 24 44
10/20/2001	16 21 23 40 41 44
10/17/2001	07 10 29 37 40 41
10/13/2001	01 02 11 12 14 32
10/10/2001	01 16 30 36 40 48
10/6/2001	08 15 19 26 35 37
10/3/2001	04 17 24 30 32 38
9/29/2001	10 17 20 28 32 35
9/26/2001	14 23 25 26 33 47
9/22/2001	12 14 23 28 30 41
9/19/2001	07 14 15 24 33 38
9/15/2001	03 06 24 35 45 48
9/12/2001	06 22 27 30 31 37
9/8/2001	08 09 14 17 18 39
9/5/2001	09 17 23 28 32 39
9/1/2001	04 20 22 37 40 44
8/29/2001	10 17 23 28 34 41
8/25/2001	08 21 24 26 37 48
8/22/2001	14 19 27 29 39 45
8/18/2001	03 19 25 30 36 47
8/15/2001	01 04 05 10 14 23
8/11/2001	07 12 18 21 27 28
8/8/2001	01 06 25 35 40 41
8/4/2001	16 19 27 29 46 48
8/1/2001	04 08 09 23 26 29
7/28/2001	19 20 23 27 44 45
7/25/2001	10 15 21 30 35 45
7/21/2001	02 11 20 30 43 46
7/18/2001	03 04 05 20 24 28
7/14/2001	01 06 07 33 34 48
7/11/2001	04 10 24 33 44 46
7/7/2001	02 07 21 32 33 34
7/4/2001	10 12 13 18 29 32
6/30/2001	09 16 27 28 36 37
6/27/2001	05 06 07 08 14 39
6/23/2001	04 08 17 26 45 48
6/20/2001	03 05 08 26 43 47
6/16/2001	03 04 19 26 38 40
6/13/2001	23 27 34 40 47 48
6/9/2001	03 04 09 12 19 21
6/6/2001	11 17 37 39 45 48
6/2/2001	08 09 16 21 30 41
5/30/2001	05 13 21 25 32 47
5/26/2001	11 28 36 38 43 46
5/23/2001	21 26 32 35 39 40
5/19/2001	13 19 26 36 38 39
5/16/2001	02 06 10 38 46 48
5/12/2001	06 16 25 32 34 39
5/9/2001	08 16 25 28 39 44
5/5/2001	27 34 37 42 44 48
5/2/2001	01 18 20 29 41 43
4/28/2001	11 16 20 21 28 35
4/25/2001	12 13 26 30 38 43
4/21/2001	02 17 21 23 25 45
4/18/2001	03 06 18 28 29 38
4/14/2001	14 16 18 25 36 38
4/11/2001	05 08 09 37 39 40
4/7/2001	08 18 21 23 27 43
4/4/2001	15 17 23 29 42 44
3/31/2001	02 08 30 33 37 47
3/28/2001	05 10 11 17 22 40
3/24/2001	01 06 17 27 42 45
3/21/2001	05 13 21 39 41 47
3/17/2001	08 19 28 30 36 39
3/14/2001	16 18 24 36 41 44
3/10/2001	11 18 31 42 45 47
3/7/2001	02 03 26 34 36 40
3/3/2001	10 23 24 38 46 47
2/28/2001	08 11 18 22 33 46
2/24/2001	02 05 22 32 38 40
2/21/2001	09 12 19 36 41 44
2/17/2001	03 13 22 37 47 48
2/14/2001	02 04 05 22 40 41
2/10/2001	01 06 18 30 33 47
2/7/2001	07 10 14 20 27 28
2/3/2001	04 06 25 27 32 37
1/31/2001	04 07 10 14 33 47
1/27/2001	03 20 21 31 32 41
1/24/2001	04 10 11 19 29 45
1/20/2001	01 20 33 36 40 45
1/17/2001	12 13 17 36 39 45
1/13/2001	12 13 19 36 43 47
1/10/2001	09 21 24 29 35 48
1/6/2001	10 26 27 34 44 48
1/3/2001	05 06 24 39 45 48
12/30/2000	02 07 23 24 39 46
12/27/2000	04 07 14 27 29 43
12/23/2000	08 18 24 29 39 41
12/20/2000	03 15 19 21 33 45
12/16/2000	03 15 25 26 30 36
12/13/2000	03 20 24 35 42 47
12/9/2000	02 13 21 30 32 45
12/6/2000	06 18 21 23 31 41
12/2/2000	03 13 23 25 26 28
11/29/2000	16 18 30 31 43 47
11/25/2000	05 24 27 34 42 44
11/22/2000	05 09 19 30 34 36
11/18/2000	10 18 23 29 30 45
11/15/2000	10 17 31 32 38 46
11/11/2000	05 15 21 26 32 46
11/8/2000	05 09 17 28 40 47
11/4/2000	04 13 23 35 36 48
11/1/2000	01 07 12 14 16 34
10/28/2000	04 06 18 19 21 39
10/25/2000	02 04 09 14 36 47
10/21/2000	05 18 22 23 24 40
10/18/2000	01 02 08 20 21 22
10/14/2000	27 28 29 30 39 41
10/11/2000	03 09 12 14 37 45
10/7/2000	04 15 16 36 39 41
10/4/2000	09 12 16 22 35 45
9/30/2000	05 13 17 22 23 48
9/27/2000	06 07 14 18 21 25
9/23/2000	12 19 28 30 38 45
9/20/2000	30 32 35 38 43 48
9/16/2000	02 04 07 20 31 38
9/13/2000	02 09 16 19 22 24
9/9/2000	13 22 23 27 28 39
9/6/2000	07 16 18 24 32 39
9/2/2000	17 24 35 39 41 43
8/30/2000	08 10 15 21 22 34
8/26/2000	14 17 18 31 39 48
8/23/2000	01 02 08 13 19 30
8/19/2000	06 07 18 27 29 41
8/16/2000	08 11 18 25 29 43
8/12/2000	01 05 13 16 20 31
8/9/2000	13 14 15 28 31 45
8/5/2000	08 15 23 26 33 45
8/2/2000	05 15 19 26 39 42
7/29/2000	06 09 31 35 42 46
7/26/2000	13 14 22 29 37 39
7/22/2000	11 19 23 28 33 44
7/19/2000	09 12 13 36 40 44
7/15/2000	07 17 18 40 42 48
7/12/2000	01 10 15 18 33 47
7/8/2000	09 10 21 25 32 43
7/5/2000	04 22 23 27 31 47
7/1/2000	08 19 22 35 47 48
6/28/2000	01 23 27 29 34 35
6/24/2000	04 24 28 40 41 42
6/21/2000	05 10 18 20 31 37
6/17/2000	01 04 05 09 39 46
6/14/2000	02 05 14 15 30 38
6/10/2000	01 13 33 45 46 48
6/7/2000	08 12 13 17 29 33
6/3/2000	02 27 30 31 37 40
5/31/2000	06 16 22 32 36 41
5/27/2000	01 02 09 13 25 30
5/24/2000	04 08 09 27 32 37
5/20/2000	09 25 26 40 43 44
5/17/2000	11 13 20 25 36 46
5/13/2000	13 14 22 24 44 45
5/10/2000	18 23 26 27 41 46
5/6/2000	13 18 30 33 39 45
5/3/2000	13 28 30 43 45 46
4/29/2000	05 09 15 18 42 48
4/26/2000	09 14 22 37 44 45
4/22/2000	07 17 19 20 27 34
4/19/2000	07 30 35 37 39 48
4/15/2000	10 11 17 18 33 47
4/12/2000	05 06 11 14 27 48
4/8/2000	02 06 09 19 27 47
4/5/2000	10 16 22 27 37 40
4/1/2000	16 21 24 39 46 47
3/29/2000	09 12 28 30 36 39
3/25/2000	30 31 34 36 38 44
3/22/2000	01 07 09 17 27 47
3/18/2000	05 07 20 21 23 43
3/15/2000	01 21 29 44 47 48
3/11/2000	09 12 18 21 22 28
3/8/2000	03 09 12 21 33 46
3/4/2000	26 28 40 42 44 48
3/1/2000	20 27 28 29 32 38
2/26/2000	02 12 14 16 19 40
2/23/2000	03 05 23 26 28 37
2/19/2000	01 14 16 22 38 42
2/16/2000	07 15 19 34 40 41
2/12/2000	31 32 35 37 38 45
2/9/2000	03 18 21 27 41 42
2/5/2000	10 11 34 38 39 41
2/2/2000	17 24 27 30 34 39
1/29/2000	04 10 14 26 27 34
1/26/2000	15 23 26 32 33 41
1/22/2000	10 12 20 34 39 47
1/19/2000	02 04 08 15 31 39
1/15/2000	04 10 15 40 45 47
1/12/2000	06 08 17 21 35 37
1/8/2000	06 07 12 23 33 48
1/5/2000	05 09 14 18 39 43
1/1/2000	12 26 28 36 37 48
12/29/1999	01 17 29 30 38 47
12/25/1999	08 09 10 27 38 47
12/22/1999	08 16 30 37 39 42
12/18/1999	01 07 13 17 28 39
12/15/1999	08 19 21 23 28 31
12/11/1999	07 08 20 28 31 48
12/8/1999	02 10 31 40 42 46
12/4/1999	20 38 40 42 44 48
12/1/1999	04 10 28 32 33 41
11/27/1999	16 18 32 33 35 48
11/24/1999	05 06 18 26 30 45
11/20/1999	05 11 15 17 22 43
11/17/1999	05 11 21 37 39 45
11/13/1999	11 12 17 26 45 46
11/10/1999	09 25 26 27 38 44
11/6/1999	20 21 32 36 40 46
11/3/1999	15 20 36 43 44 46
10/30/1999	25 26 36 38 45 47
10/27/1999	08 20 31 37 42 46
10/23/1999	01 02 13 44 45 47
10/20/1999	03 07 12 17 30 37
10/16/1999	18 19 30 40 41 44
10/13/1999	02 07 13 14 33 46
10/9/1999	09 17 32 35 44 47
10/6/1999	03 11 20 21 34 40
10/2/1999	01 13 14 19 30 44
9/29/1999	13 34 35 36 41 45
9/25/1999	02 09 12 21 28 47
9/22/1999	02 16 21 26 33 48
9/18/1999	11 14 15 24 33 37
9/15/1999	03 04 13 24 28 45
9/11/1999	09 11 28 44 46 47
9/8/1999	04 10 20 40 42 48
9/4/1999	06 10 21 24 29 48
9/1/1999	06 13 25 27 33 46
8/28/1999	03 07 09 14 35 43
8/25/1999	02 20 22 30 43 44
8/21/1999	16 23 24 28 44 46
8/18/1999	04 12 16 17 34 45
8/14/1999	01 08 16 26 29 38
8/11/1999	05 09 14 21 43 48
8/7/1999	02 11 21 32 33 42
8/4/1999	01 02 14 16 23 30
7/31/1999	07 08 11 35 37 43
7/28/1999	02 07 16 24 31 47
7/24/1999	07 14 16 31 32 48
7/21/1999	06 07 13 14 30 43
7/17/1999	08 17 22 36 41 45
7/14/1999	08 10 16 21 22 27
7/10/1999	11 17 31 41 45 48
7/7/1999	07 28 29 35 43 45
7/3/1999	03 13 16 41 45 46
6/30/1999	02 15 23 31 35 46
6/26/1999	11 18 19 21 36 41
6/23/1999	08 15 18 21 31 48
6/19/1999	15 20 22 24 28 42
6/16/1999	03 12 23 29 33 37
6/12/1999	03 07 09 31 35 44
6/9/1999	06 17 24 29 44 48
6/5/1999	02 11 18 19 40 47
6/2/1999	01 02 04 21 23 29
5/29/1999	07 08 09 26 40 46
5/26/1999	05 15 18 21 39 41
5/22/1999	06 15 23 31 41 43
5/19/1999	13 16 17 21 41 46
5/15/1999	15 16 29 35 40 44
5/12/1999	17 19 22 24 39 40
5/8/1999	06 17 21 24 36 45
5/5/1999	08 10 26 34 35 47
5/1/1999	19 25 33 37 39 41
4/28/1999	08 12 17 24 35 47
4/24/1999	14 15 19 29 40 48
4/21/1999	04 14 16 21 40 43
4/17/1999	11 15 29 32 44 48
4/14/1999	07 08 29 32 39 48
4/10/1999	11 14 19 35 38 48
4/7/1999	08 16 26 35 39 42
4/3/1999	03 04 15 24 35 42
3/31/1999	02 18 20 28 36 39
3/27/1999	12 14 16 18 25 45
3/24/1999	01 05 10 12 13 26
3/20/1999	05 08 16 31 39 41
3/17/1999	05 07 08 27 37 48
3/13/1999	01 15 18 23 28 37
3/10/1999	18 19 26 27 43 48
3/6/1999	26 30 32 37 40 41
3/3/1999	01 13 15 20 22 27
2/27/1999	11 14 36 38 40 44
2/24/1999	02 03 08 11 15 36
2/20/1999	03 06 21 26 45 46
2/17/1999	01 09 11 21 35 37
2/13/1999	03 10 11 21 29 35
2/10/1999	18 21 25 30 41 48
2/6/1999	03 07 08 09 10 39
2/3/1999	03 07 21 29 39 44
1/30/1999	01 12 13 14 16 26
1/27/1999	16 18 26 31 39 47
1/23/1999	02 31 38 42 44 48
1/20/1999	07 09 22 33 45 47
1/16/1999	13 22 25 27 36 40
1/13/1999	04 24 25 36 40 41
1/9/1999	04 11 13 15 20 21
1/6/1999	10 16 21 25 26 35
1/2/1999	04 12 14 26 27 34
12/30/1998	02 04 11 15 33 37
12/26/1998	09 16 22 23 37 41
12/23/1998	08 13 26 29 38 40
12/19/1998	06 15 29 30 34 42
12/16/1998	03 06 13 14 27 39
12/12/1998	02 09 19 25 34 41
12/9/1998	01 10 30 36 47 48
12/5/1998	18 23 32 35 44 47
12/2/1998	10 19 21 26 37 38
11/28/1998	11 19 21 22 41 45
11/25/1998	06 21 28 33 36 38
11/21/1998	10 23 27 38 42 48
11/18/1998	07 08 25 43 44 48
11/14/1998	02 14 19 22 36 40
11/11/1998	04 12 14 20 38 46
11/7/1998	06 07 13 27 29 48
11/4/1998	12 14 17 28 34 47
10/31/1998	25 27 28 29 31 45
10/28/1998	01 04 15 20 35 39
10/24/1998	06 12 26 35 45 47
10/21/1998	09 17 19 26 34 41
10/17/1998	14 18 25 30 43 44
10/14/1998	15 20 24 29 34 36
10/10/1998	01 13 21 22 38 39
10/7/1998	01 05 12 26 28 29
10/3/1998	11 18 25 33 44 45
9/30/1998	01 07 09 12 23 44
9/26/1998	09 18 28 36 41 44
9/23/1998	06 09 14 20 41 44
9/19/1998	01 09 15 16 35 46
9/16/1998	03 04 09 14 35 46
9/12/1998	07 15 16 29 35 48
9/9/1998	09 15 25 34 44 45
9/5/1998	13 18 20 21 37 48
9/2/1998	09 12 30 31 41 43
8/29/1998	14 19 30 33 34 47
8/26/1998	01 05 07 26 47 48
8/22/1998	06 07 21 24 31 46
8/19/1998	04 19 35 36 40 47
8/15/1998	04 06 17 22 39 48
8/12/1998	16 25 27 28 42 46
8/8/1998	03 08 14 15 16 46
8/5/1998	04 08 20 22 26 34
8/1/1998	02 04 09 17 19 25
7/29/1998	01 13 23 24 39 47
7/25/1998	02 04 11 25 36 43
7/22/1998	09 31 37 40 44 47
7/18/1998	06 14 26 32 36 44
7/15/1998	03 17 24 33 36 44
7/11/1998	08 17 19 23 24 26
7/8/1998	01 05 07 18 39 48
7/4/1998	10 15 23 24 27 34
7/1/1998	04 08 10 23 34 45
6/27/1998	06 07 14 24 29 31
6/24/1998	03 16 32 35 38 41
6/20/1998	02 11 12 13 38 48
6/17/1998	10 14 26 31 35 45
6/13/1998	02 10 13 15 37 38
6/10/1998	11 12 25 35 38 45
6/6/1998	01 20 21 36 44 45
6/3/1998	12 19 26 28 38 45
5/30/1998	08 10 11 17 24 37
5/27/1998	03 13 25 30 36 44
5/23/1998	04 07 08 15 36 47
5/20/1998	02 24 25 33 37 43
5/16/1998	03 09 10 17 28 32
5/13/1998	05 18 22 39 41 45
5/9/1998	16 17 18 19 42 46
5/6/1998	17 18 31 32 34 46
5/2/1998	01 09 12 38 39 40
4/29/1998	05 12 14 29 32 44
4/25/1998	03 04 08 11 39 40
4/22/1998	13 19 20 40 42 45
4/18/1998	02 14 28 30 46 48
4/15/1998	10 28 30 37 44 46
4/11/1998	01 07 16 24 40 42
4/8/1998	13 17 21 22 44 45
4/4/1998	02 18 19 20 21 32
4/1/1998	04 24 26 27 41 43
3/28/1998	06 15 16 17 24 25
3/25/1998	02 03 08 19 20 39
3/21/1998	19 20 22 27 28 36
3/18/1998	03 07 19 23 39 47
3/14/1998	11 14 16 18 27 30
3/11/1998	15 21 35 43 44 45
3/7/1998	06 07 11 32 37 40
3/4/1998	04 05 29 37 40 42
2/28/1998	09 14 19 26 34 41
2/25/1998	03 16 19 27 35 36
2/21/1998	06 17 29 42 43 45
2/18/1998	15 19 24 28 39 48
2/14/1998	06 07 16 33 41 47
2/7/1998	10 17 21 25 30 40
1/31/1998	05 11 17 40 41 47
1/24/1998	01 18 20 23 46 47
1/17/1998	05 18 22 24 31 40
1/10/1998	03 05 21 22 32 44
1/3/1998	07 08 09 18 29 36
12/27/1997	09 16 21 26 36 48
12/20/1997	01 05 30 36 37 39
12/13/1997	09 14 15 23 34 39
12/6/1997	26 29 32 36 37 41
11/29/1997	05 15 19 26 36 41
11/22/1997	02 10 31 41 42 45
11/15/1997	02 06 09 25 30 32
11/8/1997	09 23 25 29 34 40
11/1/1997	04 05 14 18 22 37
10/25/1997	08 15 22 25 32 40
10/18/1997	04 12 20 31 33 37
10/11/1997	05 09 15 19 30 40
10/4/1997	14 17 18 22 36 38
9/27/1997	10 14 19 29 36 48
9/20/1997	13 19 23 30 38 44
9/13/1997	18 19 23 25 26 33
9/6/1997	02 09 14 28 39 42
8/30/1997	03 16 24 26 38 39
8/23/1997	16 18 22 27 32 37
8/16/1997	07 08 17 24 27 43
8/9/1997	02 03 18 25 26 38
8/2/1997	20 28 32 34 35 45
7/26/1997	02 11 13 31 35 44
7/19/1997	07 14 28 33 37 39
7/12/1997	03 06 24 30 33 41
7/5/1997	10 14 19 24 32 46
6/28/1997	01 05 07 29 40 47
6/21/1997	15 20 24 33 36 43
6/14/1997	08 14 20 22 41 46
6/7/1997	02 04 08 19 36 37
5/31/1997	01 15 16 20 26 46
5/24/1997	22 25 27 35 41 42
5/17/1997	01 08 18 22 40 41
5/10/1997	11 13 15 22 25 42
5/3/1997	08 10 14 17 39 41
4/26/1997	04 06 15 20 25 37
4/19/1997	01 04 15 39 42 45
4/12/1997	10 11 15 29 31 33
4/5/1997	03 07 10 27 31 46
3/29/1997	03 06 13 32 36 48
3/22/1997	01 08 11 16 36 38
3/15/1997	03 24 29 40 43 44
3/8/1997	21 22 24 30 31 42
3/1/1997	07 15 16 21 32 45
2/22/1997	10 16 27 30 37 47
2/15/1997	03 13 14 32 41 45
2/8/1997	21 25 29 32 36 38
2/1/1997	09 22 25 27 33 36
1/25/1997	03 08 09 22 31 42
1/18/1997	04 05 37 41 45 47
1/11/1997	11 17 21 26 29 37
1/4/1997	17 29 30 40 43 44
12/28/1996	22 27 29 31 37 42
12/21/1996	13 25 27 40 42 47
12/14/1996	06 16 18 31 45 46
12/7/1996	09 18 23 26 32 40
11/30/1996	01 04 23 28 35 42
11/23/1996	02 09 17 20 31 47
11/16/1996	10 14 16 17 19 20
11/9/1996	06 08 11 20 23 36
11/2/1996	05 12 21 23 30 45
10/26/1996	02 09 21 29 40 48
10/19/1996	01 04 15 26 30 33
10/12/1996	08 22 26 27 30 36
10/5/1996	07 13 18 20 32 40
9/28/1996	05 08 09 13 29 34
9/21/1996	02 05 06 17 23 24
9/14/1996	08 26 28 36 38 43
9/7/1996	10 21 24 28 38 39
8/31/1996	03 18 26 34 41 48
8/24/1996	02 11 18 34 37 40
8/17/1996	01 08 09 16 30 41
8/10/1996	13 14 27 29 30 31
8/3/1996	16 22 25 29 44 46
7/27/1996	01 06 13 37 38 40
7/20/1996	01 09 19 20 26 35
7/13/1996	02 15 16 17 18 45
7/6/1996	11 12 14 17 23 43
6/29/1996	02 07 21 27 31 39
6/22/1996	05 07 08 29 36 47
6/15/1996	01 03 10 18 39 42
6/8/1996	01 02 16 19 22 43
6/1/1996	02 13 16 18 23 29
5/25/1996	01 04 09 12 16 29
5/18/1996	04 10 29 36 37 48
5/11/1996	02 13 18 26 32 48
5/4/1996	01 07 21 26 35 41
4/27/1996	02 11 18 31 42 48
4/20/1996	03 14 21 24 29 42
4/13/1996	10 13 18 20 25 47
4/6/1996	05 07 10 26 29 36
3/30/1996	16 24 27 32 35 39
3/23/1996	03 04 11 13 22 39
3/16/1996	06 10 23 32 37 43
3/9/1996	09 15 23 26 36 47
3/2/1996	34 35 39 41 44 48
2/24/1996	11 13 18 19 26 46
2/17/1996	05 07 21 24 35 39
2/10/1996	16 27 29 34 36 45
2/3/1996	02 17 22 26 27 45
1/27/1996	06 15 19 36 40 42
1/20/1996	07 15 17 34 45 46
1/13/1996	11 14 17 24 26 47
1/6/1996	12 19 21 27 29 39
12/30/1995	18 29 32 37 43 44
12/23/1995	03 07 15 19 34 40
12/16/1995	03 18 31 32 36 37
12/9/1995	02 15 21 29 36 47
12/2/1995	01 02 21 41 44 47
11/25/1995	09 12 28 36 40 45
11/18/1995	06 11 22 37 41 44
11/11/1995	06 24 28 33 34 38
11/4/1995	04 16 18 30 38 39
10/28/1995	11 19 24 37 41 44
10/21/1995	14 21 38 39 40 46
10/14/1995	01 08 30 33 35 46
10/7/1995	04 26 34 36 43 44
9/30/1995	03 17 21 22 33 38
9/23/1995	04 17 19 28 37 43
9/16/1995	04 27 31 37 41 42
9/9/1995	18 19 22 29 32 33
9/2/1995	09 16 18 27 28 44
8/26/1995	07 21 34 37 39 46
8/19/1995	02 17 18 29 36 44
8/12/1995	02 17 27 36 38 43
8/5/1995	05 19 26 28 45 48
7/29/1995	01 07 12 20 30 38
7/22/1995	05 15 24 26 36 41
7/15/1995	18 19 20 23 45 46
7/8/1995	01 02 21 27 36 37
7/1/1995	12 13 14 19 25 27
6/24/1995	22 23 25 30 39 48
6/17/1995	05 09 11 16 20 25
6/10/1995	02 08 11 12 17 37
6/3/1995	02 18 31 35 40 41
5/27/1995	17 20 26 39 44 47
5/20/1995	11 27 34 35 37 45
5/13/1995	07 17 18 21 25 32
5/6/1995	15 18 23 24 36 48
4/29/1995	03 12 13 15 26 28
4/22/1995	05 14 18 25 38 44
4/15/1995	06 32 36 41 45 48
4/8/1995	05 08 25 31 42 47
4/1/1995	01 02 09 27 35 48
3/25/1995	07 13 16 35 36 39
3/18/1995	01 04 28 42 45 46
3/11/1995	07 15 16 27 29 44
3/4/1995	08 11 15 26 27 47
2/25/1995	05 18 19 21 30 34
2/18/1995	06 13 16 17 34 43
2/11/1995	14 17 25 30 31 34
2/4/1995	11 20 21 24 29 42
1/28/1995	02 08 10 26 29 34
1/21/1995	07 13 17 21 22 42
1/14/1995	04 09 14 30 34 36
1/7/1995	24 31 33 35 40 44
12/31/1994	07 17 21 30 32 42
12/24/1994	01 10 14 36 41 44
12/17/1994	09 17 19 32 40 43
12/10/1994	21 23 35 37 39 48
12/3/1994	08 14 24 39 42 46
11/26/1994	03 22 28 32 45 47
11/19/1994	02 09 30 35 36 39
11/12/1994	03 12 37 41 43 48
11/5/1994	06 11 13 33 35 44
10/29/1994	05 14 24 26 32 40
10/22/1994	10 16 20 28 39 40
10/15/1994	07 10 18 21 42 45
10/8/1994	03 04 17 22 37 44
10/1/1994	06 07 12 30 43 44
9/24/1994	04 23 38 39 44 48
